1
BWD_0010
0
80
22 2522.471191406250000 1261.265625000000000
23 2528.454589843750000 1266.040161132812045
24 2539.246093750000000 1267.797973632812045
25 2548.248535156250000 1268.603881835937955
26 2556.831054687500000 1271.795532226562045
27 2568.139648437500000 1275.947875976562045
28 2580.173583984375000 1289.899536132812045
29 2588.888183593750000 1292.692016601562045
30 2598.259521484375000 1295.940551757812045
31 2607.817626953125000 1295.237915039062045
32 2609.871093750000000 1294.054199218750000
33 2618.528076171875000 1293.769042968750000
34 2626.807373046875000 1293.749145507812045
35 2630.005859375000000 1294.075073242187955
36 2638.236572265625000 1294.451904296875000
37 2647.920166015625000 1295.338867187500000
38 2657.419189453125000 1297.061157226562045
39 2665.778076171875000 1302.749389648437955
40 2673.350097656250000 1307.845336914062045
41 2681.069824218750000 1306.534057617187955
42 2681.536865234375000 1298.623046875000000
43 2687.209960937500000 1291.470703125000000
44 2694.978515625000000 1288.067138671875000
45 2700.524414062500000 1285.905029296875000
46 2705.306640625000000 1285.075927734375000
47 2710.121093750000000 1283.942382812500000
48 2712.812500000000000 1281.736206054687955
49 2721.339355468750000 1277.925781250000000
50 2714.242431640625000 1275.158325195312045
51 2715.093017578125000 1274.420166015625000
52 2716.886230468750000 1277.533325195312045
53 2718.509033203125000 1285.202880859375000
54 2718.580078125000000 1294.899047851562045
55 2717.435546875000000 1302.312866210937955
56 2717.791503906250000 1305.603515625000000
57 2718.471923828125000 1306.052978515625000
58 2717.445800781250000 1304.349975585937955
59 2716.939941406250000 1301.417968750000000
60 2716.376708984375000 1298.644165039062045
61 2715.750000000000000 1295.450805664062045
62 2714.250488281250000 1293.198852539062045
63 2712.608398437500000 1292.635375976562045
64 2710.699951171875000 1294.016235351562045
65 2709.159667968750000 1297.567382812500000
66 2707.000244140625000 1304.912597656250000
67 2705.649414062500000 1313.652099609375000
68 2703.726318359375000 1316.762939453125000
69 2699.712158203125000 1319.732421875000000
70 2696.104248046875000 1316.764282226562045
71 2692.865966796875000 1313.907714843750000
72 2691.268798828125000 1312.622680664062045
73 2689.955566406250000 1311.404296875000000
74 2687.869140625000000 1310.417846679687955
75 2690.825927734375000 1312.873291015625000
76 2685.517333984375000 1312.968750000000000
77 2685.479980468750000 1311.426757812500000
78 2686.196044921875000 1309.865844726562045
79 2686.452392578125000 1306.873535156250000
80 2686.224121093750000 1304.176147460937955
81 2684.511474609375000 1302.571533203125000
82 2685.447021484375000 1302.357299804687955
83 2686.403076171875000 1302.597778320312045
84 2687.750000000000000 1303.024047851562045
85 2690.003417968750000 1304.288085937500000
86 2691.982910156250000 1304.682495117187955
87 2694.365478515625000 1305.829467773437955
88 2697.279541015625000 1306.230590820312045
89 2700.551025390625000 1304.767700195312045
90 2704.422363281250000 1301.257324218750000
91 2707.954833984375000 1294.989868164062045
92 2712.792724609375000 1289.654907226562045
93 2716.499755859375000 1286.319335937500000
94 2717.958496093750000 1283.056762695312045
95 2721.929443359375000 1285.175415039062045
96 2724.276123046875000 1286.775390625000000
97 2726.848144531250000 1283.194946289062045
98 2729.058593750000000 1275.554321289062045
99 2728.490722656250000 1265.542114257812045
100 2727.396972656250000 1257.970581054687955
101 2725.296875000000000 1252.313354492187955
