21
BWD_0096
0
88
1 1864.958400907216 636.319156398910
2 1865.830975773030 633.910414875141
3 1866.694601841275 631.531624041519
4 1867.523389105575 629.224103294253
5 1868.312523378809 626.985605979696
6 1869.050573047928 624.834339385276
7 1869.761051329164 622.732676216264
8 1870.381698514197 620.773496727083
9 1870.996029939104 618.914133199120
10 1871.510865740692 617.167037614268
11 1872.013301691156 615.492370929240
12 1872.490101316230 613.999125272313
13 1872.905898504058 612.575267433566
14 1873.354983845109 611.347419458521
15 1873.761191185694 610.207802850168
16 1874.236253799892 609.230735371457
17 1874.657389028796 608.400975377583
18 1875.126775465274 607.747915244222
19 1875.622139113889 607.274482773093
20 1876.149890975231 606.978319536781
21 1876.707321276236 606.852046704121
22 1877.238797519512 606.958345733801
23 1877.825001144310 607.196835413749
24 1878.347590770169 607.706071503828
25 1878.910412389250 608.375484858300
26 1881.104123295736 609.285624792101
27 1888.335686617965 610.342809607930
28 1895.500813272379 611.668737126591
29 1902.628105840106 613.119784635277
30 1909.626627314791 614.812297194889
31 1916.645766991053 616.606808921372
32 1923.569684356825 618.621544247308
33 1930.419316230161 620.726782977775
34 1937.239939748151 622.972391006069
35 1944.042853605341 625.280148067890
36 1950.780483309640 627.655483998546
37 1957.514706570336 630.092997600695
38 1964.225372453823 632.572580752957
39 1971.021392822266 634.996368408203
40 1977.716291277767 637.469946521204
41 1984.514336527656 639.918334955311
42 1991.334441396052 642.269463024956
43 1998.156942593443 644.582089010198
44 2005.063938855206 646.795067836473
45 2011.951812468928 648.913645329073
46 2018.894251746444 650.906730299284
47 2025.818307467596 652.805606777341
48 2032.736278758712 654.618234266669
49 2039.640150691265 656.292844781775
50 2046.519307275730 657.860815958762
51 2053.435800209620 659.245831433651
52 2060.236443815627 660.511104425887
53 2067.000727564714 661.642853744280
54 2073.675715020290 662.653061508953
55 2080.379173172089 663.494631609090
56 2083.256589894012 664.217099991190
57 2083.030550130960 664.738065954675
58 2082.813398544473 665.085633157287
59 2082.531005442675 665.332596508811
60 2082.268425164642 665.359250327591
61 2082.031147806764 665.242268961168
62 2081.795541370691 664.878607439615
63 2081.596007620149 664.398933103857
64 2081.454688851446 663.703711220248
65 2081.368526902272 662.842458695959
66 2081.329913867158 661.764170953845
67 2081.328174106583 660.509475894934
68 2081.385640249920 659.106716794518
69 2081.457648739462 657.500001142932
70 2081.559989805653 655.730622108514
71 2081.731523135885 653.787269186056
72 2081.893523804867 651.779275752319
73 2082.038102537644 649.639210708192
74 2082.165866257438 647.410587843854
75 2082.298272514895 645.118869836944
76 2083.866557723907 642.736868924116
77 2085.903052809463 640.340278350124
78 2087.912616817847 637.935146000160
79 2089.902407645003 635.567853122537
80 2091.872182414020 633.234960319252
81 2093.836869340379 630.959002664086
82 2095.786902663572 628.760140543655
83 2097.728443043680 626.664704921325
84 2099.751649575532 624.622228786727
85 2101.812035702884 622.744062346902
86 2103.914805492195 620.937579299607
87 2106.091350174664 619.314799106410
88 2108.284999849895 617.807618918338
FWD_0006
0
100
1 1436.087158203125 659.959045410156
2 1436.664648386315 657.718421148615
3 1437.265793279460 655.523302743501
4 1437.789703748186 653.368161902880
5 1438.319020134503 651.312278119640
6 1438.782380594042 649.309416787535
7 1439.237716354005 647.423656978448
8 1439.596177308923 645.578269574982
9 1439.936358158079 643.865910080668
10 1440.244025941636 642.246834660879
11 1440.496909322701 640.754579416840
12 1440.711643476701 639.354683894435
13 1440.930075783821 638.091990919795
14 1441.173269553328 636.944813574274
15 1441.400821269806 635.931436518171
16 1441.623255973315 635.056318926215
17 1441.890439781027 634.307522165787
18 1442.203394873488 633.751784420113
19 1442.544469816996 633.309709493078
20 1442.930365968151 633.058514877410
21 1443.351032328469 632.981290781035
22 1443.783182547319 633.086789733265
23 1444.275165909263 633.395641995926
24 1444.725339433579 633.886469621804
25 1445.201972713175 634.552972928926
26 1447.351256675890 635.421029491348
27 1454.524740487948 636.480436724945
28 1461.688537163804 637.747462843678
29 1468.788641817124 639.155523826398
30 1475.862216430525 640.763786189253
31 1482.883785973379 642.514434794263
32 1489.842708242539 644.412422220810
33 1496.741851546096 646.412490835793
34 1503.641596394931 648.520845286050
35 1510.532898938335 650.728024757450
36 1517.392327603347 653.003534384170
37 1524.219527972477 655.313505102714
38 1531.085114333569 657.617245164516
39 1537.965218318766 659.946211242178
40 1544.875481804240 662.247115235994
41 1551.817348188494 664.501320524378
42 1558.838907521734 666.731734963141
43 1565.880832061684 668.868277630849
44 1572.968977342500 670.890205593028
45 1580.096155727664 672.846515465496
46 1587.250939403752 674.706598937018
47 1594.417795320679 676.447288125741
48 1601.585188194198 678.060768060543
49 1608.754984664120 679.556184391245
50 1615.899949784029 680.923251053902
51 1623.035231755012 682.173121189915
52 1630.137058130623 683.288708642480
53 1637.182248835579 684.265357801905
54 1644.183870502786 685.113216321961
55 1651.119236912850 685.810077635476
56 1654.283455166937 686.354590085681
57 1654.358471624054 686.774988324365
58 1654.386887725854 687.043852697801
59 1654.397973445206 687.151600115169
60 1654.410042806038 687.083698714117
61 1654.437301631672 686.830266720116
62 1654.494228004221 686.433105155728
63 1654.559297850002 685.865888396738
64 1654.656476924200 685.092097608610
65 1654.813595187316 684.155994339638
66 1655.031610773072 683.053254377456
67 1655.295107000399 681.761028575018
68 1655.554224151468 680.304520148951
69 1655.859513640003 678.689200841063
70 1656.221189385222 676.944009353337
71 1656.544124521966 675.049054830602
72 1656.867844871407 673.044720154037
73 1657.219968731909 670.933610307557
74 1657.524800661028 668.756067384029
75 1657.755160897682 666.471167694114
76 1659.472637200104 664.192849222924
77 1661.645732961711 661.890763235931
78 1663.739739520655 659.587690395971
79 1665.806290285366 657.303702757715
80 1667.874274393300 655.087346588911
81 1669.867738866261 652.911481849337
82 1671.895005484884 650.829280252451
83 1673.899528217707 648.861742256403
84 1675.911964815689 646.968825981348
85 1677.922880831769 645.220894713536
86 1680.005936294381 643.580285120175
87 1682.129261146461 642.103319492082
88 1684.297125930261 640.734290768035
89 1686.520848194821 639.522794975081
90 1688.755887895350 638.468961450327
91 1691.073736667719 637.544513688017
92 1693.426715434220 636.772318711776
93 1695.798823302018 636.125183862758
94 1698.217643554824 635.648624074941
95 1700.608012111551 635.306957425337
96 1703.018622775506 635.128307881970
97 1705.428259785963 635.093790283891
98 1707.755742067676 635.181132356561
99 1710.107381714514 635.447961740228
100 1712.413146359283 635.846177897682
FWD_0017
0
100
1 1541.245536682665 665.229197366151
2 1541.877399927593 662.963881143711
3 1542.565901401419 660.710093005899
4 1543.173435887999 658.552975379662
5 1543.745527085232 656.444808094087
6 1544.297914625797 654.418180189027
7 1544.782404351995 652.475977741090
8 1545.248238004320 650.628826216138
9 1545.626331026705 648.894111704737
10 1545.970121816335 647.256272732092
11 1546.315303269733 645.705450223326
12 1546.583872749813 644.316627825202
13 1546.853564032896 643.029781244262
14 1547.132798588551 641.843454135274
15 1547.414988898980 640.792825945925
16 1547.719229275662 639.898345334615
17 1548.000578219510 639.172159096252
18 1548.369281272039 638.558863484226
19 1548.735922996008 638.154337415086
20 1549.166656528686 637.879912211320
21 1549.628822061658 637.763601289102
22 1550.077076304779 637.903025525214
23 1550.566062230720 638.190135522490
24 1551.049264419990 638.662192430389
25 1551.538062684419 639.352538786776
26 1553.685930975953 640.234387194189
27 1560.880816309497 641.314450446740
28 1568.043617640654 642.563716431626
29 1575.162434142500 644.032558518876
30 1582.229485109923 645.606755572280
31 1589.253217079622 647.401078107078
32 1596.191952141303 649.291653177855
33 1603.085997068319 651.362591460673
34 1609.951795785276 653.481126115625
35 1616.812659382890 655.685866022920
36 1623.642147267423 657.996699268136
37 1630.447629369354 660.326990489201
38 1637.277783603947 662.677908335415
39 1644.108700538880 665.080343431218
40 1650.977884757329 667.400268082041
41 1657.910637367069 669.653913518459
42 1664.864537828649 671.902898412082
43 1671.829823311436 674.109611321511
44 1678.885922964134 676.177047135547
45 1685.942491413992 678.181238730274
46 1693.028156338275 680.047056856698
47 1700.151581252742 681.808509449589
48 1707.259320937176 683.454499615333
49 1714.375933413457 685.012264997094
50 1721.452745161851 686.391406342055
51 1728.504676980790 687.673672827527
52 1735.523504315639 688.809033075142
53 1742.518185315360 689.824269363550
54 1749.455232007052 690.682626628968
55 1756.330894014749 691.430094982275
56 1759.432770444406 692.032008549374
57 1759.410501807076 692.442078434271
58 1759.392046692279 692.706921843551
59 1759.337816653182 692.839353686544
60 1759.283976540404 692.790468151268
61 1759.234951596314 692.577700604118
62 1759.215694161111 692.186954450719
63 1759.232778792210 691.612857489574
64 1759.277841421327 690.878807649699
65 1759.379421580410 689.921791397385
66 1759.534238636344 688.811027652335
67 1759.692389839088 687.508175005558
68 1759.934936523438 686.073822021484
69 1760.204862231014 684.460636051917
70 1760.480557359049 682.681868903510
71 1760.775362226108 680.804347534224
72 1761.078625170602 678.784179251132
73 1761.350128682425 676.642258436510
74 1761.628871546445 674.443854674284
75 1761.839259787747 672.176154785981
76 1763.522776645520 669.848265373785
77 1765.641078269079 667.507257284236
78 1767.747005835564 665.201745819711
79 1769.804321162516 662.876603350680
80 1771.824798494464 660.637232855275
81 1773.833754399387 658.420353925315
82 1775.840594070631 656.317451850772
83 1777.841707563953 654.297176439018
84 1779.860063397421 652.376701640601
85 1781.899465526601 650.595407341706
86 1783.981055997868 648.928236703590
87 1786.099010439317 647.387104019444
88 1788.288795564904 646.010989461991
89 1790.543364443190 644.747520609297
90 1792.809848089199 643.664464694445
91 1795.151084424385 642.697192061000
92 1797.551040501398 641.886947348695
93 1799.951829083451 641.226674230724
94 1802.390460574587 640.694069522189
95 1804.840234527390 640.324171196191
96 1807.284246449501 640.105073203573
97 1809.727626622486 640.029400701278
98 1812.156542886996 640.112814003670
99 1814.546910750795 640.311005457517
100 1816.873999633841 640.701473125687
FWD_0019
0
100
1 2015.391044417559 565.377093983841
2 2016.324283158170 562.844278600930
3 2017.264883193385 560.390069930429
4 2018.162285719460 557.954016187963
5 2019.027762876251 555.614486822219
6 2019.848409518400 553.353314164186
7 2020.614626581739 551.194990297442
8 2021.327086365940 549.118888124855
9 2021.991947483838 547.175520786784
10 2022.621129023275 545.310232508023
11 2023.152725196258 543.568083385557
12 2023.714083445001 541.961714666088
13 2024.186845605968 540.512592074983
14 2024.707626387271 539.180519831454
15 2025.176504516602 537.968569946289
16 2025.675862195501 536.922799346595
17 2026.183526868454 536.077283678156
18 2026.688104296178 535.346925428695
19 2027.242963829790 534.794237419775
20 2027.803991509243 534.457625016885
21 2028.385928593056 534.338592431704
22 2028.952912103832 534.383059248827
23 2029.563499254196 534.632963109708
24 2030.156801582326 535.096730744521
25 2030.732404756654 535.768202323419
26 2032.917943086250 536.635366460703
27 2040.172805304690 537.733732080419
28 2047.347124360241 539.072213955843
29 2054.475818575182 540.550427628230
30 2061.547159430391 542.262013229305
31 2068.520679237973 544.124478711561
32 2075.453879212560 546.135768314064
33 2082.318135346576 548.305535315831
34 2089.090369230790 550.557118026362
35 2095.864070740939 552.931418505470
36 2102.609182538925 555.391659497996
37 2109.288214950804 557.894444261774
38 2115.981798388460 560.418607336573
39 2122.711834531666 562.960079523378
40 2129.407911019849 565.506424091172
41 2136.139898355192 567.994085384466
42 2142.932427044412 570.469697374737
43 2149.718143690873 572.842934062074
44 2156.549453874673 575.150761290935
45 2163.423964578502 577.356922638056
46 2170.245296711156 579.509784064870
47 2177.133792990002 581.511614679422
48 2183.983627660568 583.405599126337
49 2190.854214601957 585.164161230511
50 2197.693304777160 586.799792308818
51 2204.449604943069 588.324004690509
52 2211.173114042939 589.666166757403
53 2217.872379770308 590.911906010188
54 2224.537003846729 592.016768042043
55 2231.104885261796 592.947790540087
56 2233.907844409246 593.711182823939
57 2233.605096432945 594.358798347821
58 2233.259760539808 594.808917692614
59 2232.905871227166 595.153177207535
60 2232.595807590415 595.276536182618
61 2232.236376532287 595.215820218667
62 2231.919950695588 594.940083223462
63 2231.625776505033 594.522536019571
64 2231.429866267103 593.872215203633
65 2231.239715806195 593.090108374265
66 2231.097407524896 592.070626874190
67 2231.042952101459 590.843316345261
68 2231.004750437650 589.491462478557
69 2231.008989663515 587.947449155217
70 2231.069027713576 586.196923772208
71 2231.149299215283 584.317792119501
72 2231.226603879876 582.307453895262
73 2231.316355088595 580.177774245759
74 2231.384472583065 577.917928018419
75 2231.433993937077 575.611943223669
76 2232.949647271851 573.285537414541
77 2234.946586647705 570.874755662630
78 2236.901152474758 568.479648984210
79 2238.844031499390 566.082938494268
80 2240.782054392575 563.707458872684
81 2242.691189337142 561.416465371335
82 2244.633759576972 559.167404404512
83 2246.577245990969 556.995347806327
84 2248.566180059413 554.931754777147
85 2250.588596178951 552.998463913333
86 2252.684488695127 551.186385374283
87 2254.844143880131 549.445311277015
88 2257.024799656926 547.880649476957
89 2259.322195820841 546.481855655552
90 2261.684132331213 545.170971238198
91 2264.114450460991 543.998058169313
92 2266.609868790361 542.978693527988
93 2269.138390317966 542.131230271817
94 2271.734868230762 541.387859104701
95 2274.326972143717 540.784165031350
96 2276.936354259843 540.383876676619
97 2279.574955211175 540.102171056975
98 2282.164337320446 539.964104896861
99 2284.793020125644 539.992030368362
100 2287.349321118327 540.178506765433
FWD_0020
0
100
1 1752.352695327912 733.598025930392
2 1753.181450588274 731.319310245230
3 1754.020187377930 729.023635864258
4 1754.801974494367 726.802034388069
5 1755.578489548237 724.694318507025
6 1756.269364980908 722.627996802324
7 1756.926970690623 720.647645105044
8 1757.543337799461 718.786048727185
9 1758.095420499843 716.998986580023
10 1758.586763706846 715.360903820214
11 1759.063055385758 713.756873087041
12 1759.492692125518 712.358039490003
13 1759.876277997426 711.025142836385
14 1760.301162444328 709.819165919938
15 1760.669213944714 708.781882126895
16 1761.097281138789 707.865505666951
17 1761.503643395767 707.127473941302
18 1761.944067812537 706.530681781136
19 1762.425539656670 706.086484067612
20 1762.921271785459 705.801265541057
21 1763.453781789786 705.719214687564
22 1763.975715159606 705.821963911516
23 1764.506832801574 706.158944743046
24 1765.053422570837 706.644045604683
25 1765.554589555217 707.365932620624
26 1767.735462870672 708.255333016486
27 1774.933706693786 709.330756062913
28 1782.125251830241 710.614363139579
29 1789.225705213482 712.093662304268
30 1796.275602949840 713.717862234055
31 1803.256168035646 715.542930343493
32 1810.162593018410 717.507311310703
33 1817.017449138606 719.563631305062
34 1823.812327124614 721.726600348534
35 1830.593158516955 723.990226991446
36 1837.351921310924 726.350540000237
37 1844.096659324599 728.701169926170
38 1850.803527852787 731.119313998373
39 1857.575096585049 733.507262309603
40 1864.348765727570 735.870463804215
41 1871.135005169203 738.216254171751
42 1877.954620119247 740.518634099753
43 1884.808590854134 742.711183822744
44 1891.708680714990 744.835075930034
45 1898.643610612365 746.860940323910
46 1905.592992386848 748.792512196706
47 1912.542654222741 750.632435558843
48 1919.515159544748 752.337608509386
49 1926.442628785623 753.883912946483
50 1933.391930115816 755.348080869822
51 1940.268341713509 756.629637413189
52 1947.109102897470 757.792018800812
53 1953.938454608944 758.820416909949
54 1960.694146729156 759.726748994321
55 1967.405706883786 760.502975904373
56 1970.359327968316 761.094501405492
57 1970.153673079496 761.529760617741
58 1969.954331777129 761.809264988338
59 1969.739000962943 761.934970314022
60 1969.530677708440 761.890224974624
61 1969.319429591559 761.683000194770
62 1969.159640620084 761.302391013289
63 1969.034703708416 760.719776438606
64 1968.935146447650 759.926190234219
65 1968.890078796512 758.990246687465
66 1968.904055334445 757.848892130501
67 1968.976666590308 756.553916020929
68 1969.063615417904 755.070243127493
69 1969.220194892403 753.447197422710
70 1969.416023658441 751.629129619224
71 1969.592257522910 749.673016458741
72 1969.783012106338 747.613116535809
73 1970.004629548669 745.470038291330
74 1970.191617098555 743.195467371603
75 1970.372665643860 740.856921708297
76 1971.979898932841 738.506550612556
77 1974.074601099618 736.126761513510
78 1976.104168650847 733.735262310152
79 1978.163146599172 731.391489878632
80 1980.147977625922 729.045254812275
81 1982.154308530759 726.777715226991
82 1984.157040360418 724.597495096832
83 1986.153443676873 722.527128197449
84 1988.208320865728 720.557194239795
85 1990.277764120120 718.681351294963
86 1992.396054656111 716.951224218796
87 1994.569069159426 715.380540046009
88 1996.786665706575 713.910752042379
89 1999.094340857073 712.597736450772
90 2001.466179832133 711.448404787082
91 2003.864042321102 710.439969241134
92 2006.351400686198 709.561818583945
93 2008.858544719746 708.815637192164
94 2011.398636966582 708.276318510344
95 2013.958598402710 707.829106911179
96 2016.512659827471 707.562763898302
97 2019.085506019346 707.459192087779
98 2021.626014707064 707.481619896674
99 2024.142077046328 707.660404948452
100 2026.621810536711 708.005065109610
FWD_0023
0
100
1 1765.665427558094 580.760315097485
2 1766.431555683205 578.370815439712
3 1767.209695842295 575.959975425702
4 1767.997204595676 573.633920224798
5 1768.708614529869 571.390519564359
6 1769.352524267205 569.224931199897
7 1770.012477857774 567.132226742459
8 1770.551435475466 565.156323944397
9 1771.088547780681 563.274387566849
10 1771.558461867855 561.502080791415
11 1771.980557932535 559.839524567814
12 1772.380508768540 558.331938458171
13 1772.776676501408 556.885662214662
14 1773.140358151729 555.662324811214
15 1773.483921166300 554.501739046462
16 1773.920212974115 553.508113144901
17 1774.298495902267 552.696781991698
18 1774.734522574315 552.001652722526
19 1775.203510555709 551.519936580868
20 1775.680466135435 551.202500053972
21 1776.176880451435 551.070420766771
22 1776.725848565289 551.128701264313
23 1777.266882529512 551.422653001503
24 1777.809814135621 551.842156805318
25 1778.323079080752 552.563692389993
26 1780.508438759659 553.420273216094
27 1787.748661458647 554.487656773518
28 1794.891421413634 555.786296909140
29 1802.023846819963 557.256525093905
30 1809.090972832910 558.907351799006
31 1816.089322711601 560.710612346737
32 1823.038641489116 562.674819984505
33 1829.913537571391 564.796217239506
34 1836.778468517934 566.991403934926
35 1843.579787504975 569.323603505170
36 1850.348562306883 571.691580706207
37 1857.122819473505 574.141033599210
38 1863.898658566218 576.590211370215
39 1870.689747840018 579.034165470472
40 1877.508747309441 581.490082824620
41 1884.321181185338 583.905634929031
42 1891.234101660591 586.272981141723
43 1898.121160663871 588.564725536053
44 1905.061972761082 590.773346966870
45 1912.012584438697 592.913835509164
46 1919.000651404926 594.929087750079
47 1926.007309733871 596.841972197905
48 1933.018992602110 598.645328709234
49 1940.026115054282 600.322278007800
50 1946.962048929096 601.861544095899
51 1953.912814520938 603.286266030446
52 1960.803216500576 604.566897782114
53 1967.611500757838 605.732287153954
54 1974.406069949754 606.742791196715
55 1981.187372606646 607.593014621083
56 1984.149189594651 608.311907394473
57 1983.972358051063 608.860178978115
58 1983.800156085069 609.276027412596
59 1983.604899158875 609.508531782367
60 1983.408793216148 609.573620926912
61 1983.214461825261 609.475501521652
62 1983.086515701379 609.168844664780
63 1982.940128797893 608.717625720969
64 1982.865135345661 608.025106857614
65 1982.810038197712 607.200412394649
66 1982.829314321684 606.154274338845
67 1982.901219711554 604.915722601431
68 1983.010216764777 603.554285757966
69 1983.146484389299 601.959067020927
70 1983.289419860357 600.242491696508
71 1983.453251638988 598.394669106252
72 1983.664147566428 596.383241146256
73 1983.827707467165 594.287497885196
74 1984.001492309570 592.078091430664
75 1984.127827753048 589.792870674859
76 1985.714347996742 587.493535919737
77 1987.773664770649 585.129803216666
78 1989.790576520159 582.772559198318
79 1991.791674059419 580.440616799881
80 1993.750634705966 578.143901547871
81 1995.722502833849 575.872123223007
82 1997.679063412563 573.730403014343
83 1999.634766756912 571.630650644615
84 2001.626035674339 569.670063631473
85 2003.629609876773 567.787656562283
86 2005.723810881238 566.029032297647
87 2007.843647240597 564.433081879496
88 2010.044348513371 562.950423905075
89 2012.277258606593 561.595768660561
90 2014.590210923954 560.385265955662
91 2016.986335313680 559.312950971811
92 2019.396841148850 558.412425663449
93 2021.859319284981 557.620673175980
94 2024.349637837083 556.974619627282
95 2026.883500638329 556.478677289548
96 2029.383536921386 556.132555380400
97 2031.917425350902 555.923756805547
98 2034.422862496651 555.884462353314
99 2036.893657072458 555.976946717643
100 2039.365720551939 556.245984085725
FWD_0030
0
100
1 424.297143856215 759.858707392893
2 424.246758937942 758.065877969765
3 424.158608967516 756.295041692370
4 424.076173290722 754.595610422619
5 423.968898861342 752.943362548197
6 423.792060908784 751.390783028001
7 423.595754295895 749.884230271309
8 423.397337875582 748.467222285497
9 423.126717342694 747.147581752613
10 422.828208188837 745.889269093870
11 422.526784147593 744.747925925497
12 422.227835101464 743.688795599938
13 421.924100032361 742.731327924394
14 421.623663403517 741.881321503085
15 421.383429437074 741.153928671879
16 421.199234274911 740.511448064234
17 421.074615478516 740.002853393555
18 420.987475892243 739.607835874258
19 420.970902876560 739.360407038075
20 421.032273983319 739.256015623908
21 421.130243703529 739.293343341591
22 421.336446402038 739.460567089332
23 421.540028636816 739.801431346976
24 421.810372478428 740.332530633244
25 422.133061602188 740.989467477790
26 424.155821253889 741.811068252675
27 431.256205473143 742.809450325701
28 438.358703443253 743.968085366676
29 445.465084726366 745.280874299327
30 452.541859250218 746.713349669832
31 459.614514379093 748.283989104828
32 466.670969716443 749.966720297583
33 473.726118649840 751.745063947285
34 480.789330720644 753.608036440871
35 487.868545173491 755.527424453046
36 494.965909529053 757.497208323372
37 502.071124742971 759.478287774886
38 509.241130629238 761.454291078855
39 516.468086757587 763.410755495018
40 523.747701994247 765.344488992978
41 531.117383282141 767.197355069612
42 538.532253188063 769.012100352300
43 546.044642195119 770.730116032490
44 553.623040961180 772.367878216106
45 561.244654273986 773.890721425426
46 568.905550869255 775.308705211493
47 576.644547527504 776.627314750578
48 584.394907588154 777.790523089045
49 592.150427669572 778.878761142978
50 599.908579819999 779.827080088055
51 607.654365283365 780.655115364447
52 615.382993945675 781.349641381177
53 623.062229380498 781.916102566218
54 630.694966435986 782.386458633904
55 638.356798736842 782.701712720923
56 642.155266705826 782.918546033656
57 642.869090973156 782.979969366997
58 643.564171990066 782.912622454721
59 644.252706518451 782.708576127778
60 644.921736960811 782.334915892418
61 645.590843925995 781.858427579640
62 646.280466069472 781.216143332614
63 646.980428211357 780.427739809189
64 647.712377590953 779.480825348799
65 648.479237243909 778.352986417244
66 649.277160243640 777.101347264853
67 650.069183387845 775.731857819485
68 650.903069100652 774.189168559962
69 651.741208190786 772.519034310404
70 652.554746964210 770.733306432247
71 653.378221769889 768.860720928875
72 654.174040192316 766.886039471435
73 654.898146213402 764.828960804586
74 655.579072710220 762.731563297832
75 656.196650722712 760.588779295712
76 658.226656702737 758.420809796615
77 660.668071331781 756.265825053965
78 663.036597254479 754.155530190946
79 665.330964678875 752.091636512552
80 667.551118490239 750.095243397470
81 669.704738371465 748.186371422378
82 671.842508046687 746.372316078217
83 673.899748758082 744.701888637763
84 675.964007059145 743.118152146673
85 677.994630207489 741.709318953337
86 679.999193989487 740.428059307264
87 682.040455649952 739.264819934437
88 684.093295505834 738.281761819115
89 686.154325851681 737.466579008182
90 688.219224343798 736.767794121754
91 690.302828009053 736.227145710963
92 692.370998773232 735.872207968340
93 694.455140280252 735.644467725080
94 696.529731836169 735.533824647898
95 698.570930057266 735.618028131560
96 700.562084649657 735.798755569777
97 702.527379264423 736.153572467903
98 704.439377928780 736.637873872974
99 706.280263695857 737.259454455965
100 708.062796438008 738.001106037006
FWD_0033
0
100
1 1477.356886386153 564.882420790148
2 1477.930412192779 562.563570580454
3 1478.485350207124 560.316495165370
4 1479.014832499869 558.086825162086
5 1479.537406387336 555.927492376014
6 1480.016005502285 553.848616652911
7 1480.431562708267 551.861102997003
8 1480.780154201379 549.980357136183
9 1481.100545423336 548.207491281533
10 1481.383689997541 546.497335540634
11 1481.648475918059 544.930339709608
12 1481.852141123205 543.481366275717
13 1482.065825928401 542.154827994129
14 1482.300530733604 540.927911617361
15 1482.522404451058 539.856149451223
16 1482.746085881254 538.930037554284
17 1483.009361802102 538.161832407907
18 1483.347256425116 537.529902818544
19 1483.667316215513 537.077269804703
20 1484.058151712637 536.748587948731
21 1484.482546669993 536.651944806286
22 1484.927122642704 536.721846761126
23 1485.409301241309 537.013424424327
24 1485.861664964884 537.473406126971
25 1486.354254728456 538.156287111762
26 1488.500569364018 539.010552450084
27 1495.689114634715 540.076284106899
28 1502.855499099779 541.310571624271
29 1510.008700820709 542.728834588583
30 1517.060819382124 544.368480155127
31 1524.091252890886 546.140430580886
32 1531.077440695286 548.044920140205
33 1538.011884665746 550.085487431083
34 1544.905355114603 552.238981979144
35 1551.794832153742 554.464724525757
36 1558.682505695024 556.746503961623
37 1565.539175927675 559.125642275830
38 1572.442838765531 561.469048894642
39 1579.340023930701 563.833735187411
40 1586.245879019021 566.196544005504
41 1593.229464973118 568.519093385982
42 1600.264026391317 570.763973869330
43 1607.324202852963 572.979120158116
44 1614.423271305248 575.104756197320
45 1621.544704175339 577.130188606465
46 1628.712509975287 579.041568117247
47 1635.907680463257 580.821185947894
48 1643.083332554643 582.535291555198
49 1650.278771825079 584.121915700690
50 1657.442802054735 585.554911911478
51 1664.581349798932 586.876733142023
52 1671.665334440783 588.082911471636
53 1678.706913817283 589.147526368749
54 1685.730251901573 590.050562156924
55 1692.710447218322 590.810257204850
56 1695.856384511296 591.463703915170
57 1695.922856064238 591.927398568022
58 1695.932585593561 592.292814209568
59 1695.963769067666 592.456914216721
60 1695.977570575875 592.460717253277
61 1695.992245154079 592.309371141038
62 1696.054879304109 591.943924956923
63 1696.114383046795 591.459063065541
64 1696.239497170088 590.734061580815
65 1696.384842348173 589.867490355976
66 1696.565883989856 588.817805113871
67 1696.798053466618 587.589582890566
68 1697.044042547290 586.215433526815
69 1697.356572603465 584.629194590454
70 1697.675087890269 582.909193708722
71 1697.985168457031 581.074310302734
72 1698.304175930390 579.112392075737
73 1698.605170264797 577.023370196091
74 1698.888994690498 574.852800420969
75 1699.115524245648 572.614769154727
76 1700.802782703649 570.375904776640
77 1702.908170585560 568.073264104698
78 1705.010489548486 565.777532233679
79 1707.051442026043 563.505947755119
80 1709.055919610477 561.295640083381
81 1711.044104286581 559.123271533954
82 1713.027465277376 557.025604050301
83 1715.003139352439 555.024607083279
84 1716.975873378422 553.148596671345
85 1718.982026506779 551.373283054648
86 1721.042320621290 549.722311875784
87 1723.106689416295 548.212954738497
88 1725.273225999259 546.821943280158
89 1727.464516987161 545.567191550539
90 1729.673709022797 544.461501030263
91 1731.965640687320 543.489060395145
92 1734.298324731116 542.697713288983
93 1736.645500619655 542.003912035273
94 1739.017283231046 541.464706097996
95 1741.410155437259 541.087273940045
96 1743.827590929554 540.813290530526
97 1746.184546122142 540.728708931495
98 1748.542087068547 540.770047869036
99 1750.854054398217 540.961632802537
100 1753.118839982766 541.310957791831
FWD_0040
0
100
1 1342.463946443841 570.662886224760
2 1342.946102119276 568.399258212453
3 1343.395573306840 566.177211876655
4 1343.872292940916 564.001091896070
5 1344.263914074026 561.885066777893
6 1344.660164466263 559.873965701901
7 1344.996813856126 557.929755425915
8 1345.271460894309 556.111970558387
9 1345.527128162120 554.357649887753
10 1345.722321443737 552.713383217999
11 1345.874029522684 551.180551575622
12 1346.044385712642 549.768667265701
13 1346.169853701919 548.474346323894
14 1346.305153604585 547.325811639764
15 1346.454607273956 546.259202532802
16 1346.639518099917 545.376242817831
17 1346.855123328785 544.624176848194
18 1347.126950005517 544.011468488588
19 1347.412574492629 543.558661110187
20 1347.762468360597 543.284350330360
21 1348.124620586987 543.184782371902
22 1348.532036696988 543.276868533329
23 1348.991441285312 543.547836501143
24 1349.446469430845 544.033840457858
25 1349.876072228248 544.693902886878
26 1352.020523740912 545.534229206991
27 1359.209595954567 546.605191447569
28 1366.382256046487 547.834785057296
29 1373.482027472448 549.245237309970
30 1380.574557870383 550.832815104032
31 1387.607529307887 552.593240748581
32 1394.607397333838 554.472798392070
33 1401.568558668580 556.475787605858
34 1408.524336853910 558.586237414551
35 1415.417987190355 560.800711492198
36 1422.324830102451 563.069050342596
37 1429.213314725603 565.361906632168
38 1436.158495515632 567.695291545240
39 1443.094826168131 570.015926845331
40 1450.080101706963 572.313247071493
41 1457.129478435580 574.598392229995
42 1464.218363495446 576.794243052618
43 1471.336589130194 578.944842395404
44 1478.496465350275 581.015221006470
45 1485.702851602275 582.985887212852
46 1492.960836763602 584.835768460190
47 1500.206434167473 586.590234866425
48 1507.491862655519 588.234808359866
49 1514.757815880300 589.763024779823
50 1522.005857719215 591.153199802804
51 1529.218191816549 592.439756775254
52 1536.423676824929 593.590178321165
53 1543.543452537953 594.581712049087
54 1550.658328948587 595.481103362540
55 1557.701527812833 596.181170967680
56 1560.949919570734 596.762966748123
57 1561.101630393335 597.239085414297
58 1561.247165323415 597.536221043236
59 1561.333549898286 597.651409418548
60 1561.456883245111 597.638319809585
61 1561.550207552978 597.457165031646
62 1561.673451054770 597.060851293813
63 1561.833186871789 596.545456375873
64 1562.029214932270 595.802876388228
65 1562.264038758112 594.912438927173
66 1562.528774074807 593.845494899927
67 1562.835478421874 592.619773040396
68 1563.174882495547 591.230564539723
69 1563.534098120236 589.648180148876
70 1563.913612518152 587.931249521767
71 1564.307379089937 586.089558804774
72 1564.670237641025 584.138159586418
73 1565.031665775439 582.065522635677
74 1565.365619020249 579.882815327625
75 1565.651770723266 577.694039327162
76 1567.354419465710 575.457812380158
77 1569.528683668598 573.185442796205
78 1571.642314064826 570.898204800981
79 1573.720738112379 568.659134577649
80 1575.746905023529 566.487752398595
81 1577.748512626552 564.365652141910
82 1579.736857673519 562.312727504135
83 1581.711898889015 560.357948512336
84 1583.718928001882 558.484899434545
85 1585.711909377842 556.731574142842
86 1587.737762060297 555.156625896452
87 1589.816346652593 553.655902572819
88 1591.922485316766 552.359520443134
89 1594.094080062525 551.150780005398
90 1596.303160649646 550.080978745601
91 1598.548779145515 549.178372391309
92 1600.828437858406 548.420936703061
93 1603.132402238716 547.768704938308
94 1605.481562769818 547.295681351958
95 1607.801250745559 546.931307850168
96 1610.148685127051 546.719787242946
97 1612.454660233453 546.670091693575
98 1614.736204857786 546.759719994745
99 1616.988752092634 547.019991193499
100 1619.204517451416 547.411196355059
FWD_0042
0
100
1 1324.842990970291 668.480052827436
2 1325.364037005255 666.321566949654
3 1325.818406532707 664.157611057579
4 1326.317858447726 662.060184767754
5 1326.736671500102 660.002667372276
6 1327.150340081090 658.064370190750
7 1327.499376878300 656.196409407420
8 1327.783460529415 654.422554943083
9 1328.076322449462 652.700881011326
10 1328.273434673766 651.164490383421
11 1328.445954062317 649.668402174295
12 1328.622010136748 648.346370757094
13 1328.778099966429 647.089853569071
14 1328.952265471644 645.968238482242
15 1329.100796082431 644.975752146331
16 1329.291413738487 644.130403716724
17 1329.530459719072 643.422469095890
18 1329.764991123649 642.824543456832
19 1330.099554099215 642.426183672472
20 1330.404906590157 642.203198650366
21 1330.792055876120 642.131179717965
22 1331.206106705260 642.256806251131
23 1331.615062766320 642.531060868140
24 1332.096518379391 643.017629761790
25 1332.510214404564 643.680568790341
26 1334.637535161216 644.565192840326
27 1341.847770410147 645.610675137905
28 1349.006618423236 646.856271321659
29 1356.120271083175 648.296894374905
30 1363.179539063201 649.839912588395
31 1370.196679402904 651.585464173224
32 1377.196746359122 653.456704461637
33 1384.122249179682 655.453408446593
34 1391.044127348621 657.546632852432
35 1397.922623737168 659.725510892071
36 1404.797801862646 661.958155347587
37 1411.682011832538 664.251472658389
38 1418.596812056544 666.524153834287
39 1425.502496005783 668.790528986559
40 1432.460472666276 671.077609998609
41 1439.499367830999 673.290117441332
42 1446.545788354272 675.456106845771
43 1453.626490281414 677.539127205984
44 1460.796105141322 679.545882031459
45 1467.985148579731 681.461568074281
46 1475.215504908993 683.299337090960
47 1482.442687831931 684.970689837469
48 1489.652408573909 686.542982968349
49 1496.920287972139 688.000317140549
50 1504.167903619006 689.361497731560
51 1511.330925636957 690.547641742667
52 1518.494992929204 691.617993533641
53 1525.628713050745 692.546847434344
54 1532.726492164381 693.384408134557
55 1539.745743828328 694.027931629988
56 1543.019290033866 694.555018683988
57 1543.166466467023 694.924953419592
58 1543.281317839070 695.175538384558
59 1543.375366186650 695.253023494122
60 1543.462761681960 695.143924288104
61 1543.545078595012 694.880278804936
62 1543.687502793008 694.472756867006
63 1543.838041589409 693.830515395084
64 1544.045043824477 693.080809523459
65 1544.288938630506 692.150702955480
66 1544.543856240322 691.005451647932
67 1544.844855430469 689.713277382449
68 1545.225151152498 688.259302780420
69 1545.571439167413 686.645646900094
70 1545.984720070874 684.862878647266
71 1546.389053216519 682.990109988333
72 1546.768284706698 680.983776656284
73 1547.155359154116 678.886133953309
74 1547.494276592354 676.706632290427
75 1547.781980314540 674.480640195157
76 1549.548265360872 672.206880977394
77 1551.733054883823 669.877900685347
78 1553.881818345513 667.597415172854
79 1555.979714327323 665.365863196705
80 1558.060693279058 663.168463409298
81 1560.086719612557 661.027910852418
82 1562.103519840847 658.957762167838
83 1564.112100219726 657.025177001953
84 1566.119714234696 655.170758540220
85 1568.161178981596 653.463814179789
86 1570.244718084438 651.846860548763
87 1572.336236473347 650.423033499129
88 1574.477401121805 649.094231161021
89 1576.646499263322 647.902862127945
90 1578.890197116317 646.870866431168
91 1581.187841972067 645.998520130122
92 1583.490952594761 645.268711366733
93 1585.826829393620 644.661864530796
94 1588.205172369707 644.225608239062
95 1590.553384706824 643.908580106819
96 1592.907518536653 643.766682214431
97 1595.263153988119 643.757028420855
98 1597.550389905279 643.887542677334
99 1599.825813576991 644.188718949728
100 1602.073979752645 644.633207105083
FWD_0045
0
100
1 1656.045566783406 705.339747750305
2 1656.781317543179 703.046603976983
3 1657.525775318597 700.809119037051
4 1658.244780963276 698.584240279903
5 1658.918936837001 696.469815389706
6 1659.557442775930 694.453984009001
7 1660.156145493290 692.471712681393
8 1660.683432573489 690.617355622158
9 1661.175860321986 688.885906166319
10 1661.587635363797 687.225176935828
11 1661.999272727829 685.652812539013
12 1662.404895539849 684.226840287727
13 1662.720193404288 682.971298712876
14 1663.057507718671 681.763563161347
15 1663.406434806356 680.733398815319
16 1663.740692528371 679.835812976584
17 1664.137136744703 679.065536497820
18 1664.516766765455 678.483874968776
19 1664.965498352534 678.041620061070
20 1665.432065286735 677.783839068936
21 1665.904501191147 677.677288642781
22 1666.426253236076 677.812803238805
23 1666.945697628659 678.094716666062
24 1667.452443026006 678.572672524165
25 1667.959859138472 679.284189971872
26 1670.120917302523 680.175083391480
27 1677.335565739847 681.237159235440
28 1684.498572618751 682.526039791948
29 1691.583014259445 684.036690317094
30 1698.621612178947 685.612749157806
31 1705.624286794405 687.407560921135
32 1712.564694888018 689.342325121526
33 1719.466203599197 691.393927584669
34 1726.291312833340 693.559677714280
35 1733.095240656491 695.780282257886
36 1739.856931468139 698.103420013462
37 1746.622829886451 700.487631649741
38 1753.417757902506 702.844016793111
39 1760.210391973795 705.217856089873
40 1767.012000432081 707.553717841170
41 1773.835096177028 709.889852183612
42 1780.727961336561 712.154041706605
43 1787.642767900937 714.365739115994
44 1794.614047703381 716.445088963639
45 1801.604440345782 718.450877811802
46 1808.604448753875 720.379643055290
47 1815.637981363327 722.154940085567
48 1822.643285141998 723.859489751383
49 1829.680730680087 725.381031082969
50 1836.683120012681 726.807812606359
51 1843.634461128758 728.086768640045
52 1850.583463665381 729.268340142524
53 1857.476041014004 730.252124147386
54 1864.310439969513 731.135242313147
55 1871.097249209779 731.881578900259
56 1874.086258504896 732.463335952081
57 1873.960311889648 732.943885803223
58 1873.854045034141 733.204605782453
59 1873.708355394421 733.335334431617
60 1873.577491448478 733.289203530971
61 1873.429853338972 733.011911816895
62 1873.340653975737 732.639929038585
63 1873.268773396522 732.084123185767
64 1873.264153476109 731.290893967234
65 1873.277040665903 730.353691609899
66 1873.361176181249 729.206692009733
67 1873.436371126378 728.010616593063
68 1873.605450755960 726.477183184887
69 1873.812638308796 724.821539704972
70 1874.067457025583 723.064199018573
71 1874.313542421058 721.110316053033
72 1874.546400820611 719.137622982264
73 1874.750223706895 716.941552379930
74 1875.008143144516 714.703264288510
75 1875.193179661519 712.375074898364
76 1876.837025742778 710.065534986908
77 1878.946156957316 707.671757128214
78 1881.018939477677 705.329068869666
79 1883.072290070747 703.014029572084
80 1885.101267671608 700.700067783493
81 1887.080668588156 698.466980254751
82 1889.086723933740 696.334417072203
83 1891.092494558909 694.287075271220
84 1893.124188867097 692.342612929156
85 1895.181125360681 690.502195773978
86 1897.301791534630 688.814470681997
87 1899.446184130753 687.202680252079
88 1901.653748284384 685.820932313519
89 1903.902422124273 684.541064417946
90 1906.278287344571 683.398625503050
91 1908.625714029596 682.431800233388
92 1911.080154864159 681.584467033565
93 1913.524532069427 680.930377863348
94 1916.029252924072 680.340015027309
95 1918.517130088708 679.995811128989
96 1921.075210333785 679.686788621817
97 1923.547021760996 679.593584201844
98 1926.065967311768 679.637641831507
99 1928.497348008657 679.893568083644
100 1930.932875685115 680.210632758394
FWD_0046
0
100
1 1840.824915466683 519.461954887175
2 1841.612355431818 516.995770828032
3 1842.352966241723 514.593401029821
4 1843.210711087019 512.195192206324
5 1843.911180003898 509.844860797062
6 1844.680214981853 507.567785069211
7 1845.252155807129 505.523501889663
8 1845.916713221517 503.388951668592
9 1846.370372015750 501.534902857527
10 1846.884157526667 499.646396719768
11 1847.347452979902 497.960812150126
12 1847.846361818218 496.299511369437
13 1848.190435955197 494.904428800787
14 1848.624538056369 493.503411234095
15 1849.032967740625 492.350185308836
16 1849.426198331975 491.313803822013
17 1849.855034398084 490.435647334545
18 1850.234840764842 489.799547823587
19 1850.784002525977 489.197718056772
20 1851.241175279044 488.933362527770
21 1851.765125907144 488.740472862766
22 1852.296658377269 488.827056992387
23 1852.874507903684 489.041087262416
24 1853.364773528723 489.544381461379
25 1853.993897229275 490.155958556498
26 1856.143292636553 491.055466210956
27 1863.372479327167 492.145910066277
28 1870.638805098512 493.353595470188
29 1877.716271122525 494.852928996255
30 1884.818631786001 496.504406998501
31 1891.824644516048 498.331507469842
32 1898.773865283638 500.347193974341
33 1905.670742603691 502.444967168499
34 1912.415811200496 504.789529264436
35 1919.289265314610 507.117856676057
36 1926.022019742193 509.540168042626
37 1932.823746854114 511.955841489947
38 1939.650567771732 514.400604361114
39 1946.342096349699 517.019732915878
40 1953.149160304081 519.529579568412
41 1960.019454956055 521.917869567871
42 1966.884965177452 524.342945563141
43 1973.794647593559 526.653025297403
44 1980.700643814446 528.972396315554
45 1987.654058884827 531.141794919392
46 1994.627656834553 533.224105163850
47 2001.605848147007 535.204972152998
48 2008.581624628993 537.055808397707
49 2015.489950104762 538.882818052339
50 2022.397962814955 540.502039791330
51 2029.354801118510 541.974203985220
52 2036.198371030663 543.362141053619
53 2043.000471478848 544.550180575868
54 2049.846160801618 545.518985952760
55 2056.596007266670 546.450916151589
56 2059.502162475344 547.242251368595
57 2059.235392958963 547.923580474891
58 2059.086034934523 548.357361791642
59 2058.798959168555 548.668129081284
60 2058.553443949128 548.816843012146
61 2058.321905796211 548.789908423553
62 2058.150570461779 548.527948949423
63 2058.011428729932 548.068471431606
64 2057.947827214327 547.439317543065
65 2057.813634107142 546.682164271021
66 2057.774688129484 545.661360322229
67 2057.857498565013 544.462371653942
68 2057.900403622936 543.129197241440
69 2057.953164244905 541.629615722493
70 2058.085132162377 539.926199406628
71 2058.262659213075 538.071291200219
72 2058.381972911546 536.093657807207
73 2058.564789798683 533.947772890026
74 2058.687118481505 531.783993474943
75 2058.814940336477 529.487296022165
76 2060.281610045453 527.293923378527
77 2062.344329665887 524.916671753850
78 2064.322323376597 522.571494161910
79 2066.317471902193 520.204557907694
80 2068.234210252461 517.883595741770
81 2070.172750361190 515.652041790724
82 2072.088840056525 513.454338207455
83 2074.105713001477 511.295870827704
84 2076.078833001157 509.291553822219
85 2078.084667747100 507.389733733744
86 2080.088982552559 505.659741700358
87 2082.218375447462 503.992682515184
88 2084.367210645142 502.541495892625
89 2086.672885762539 501.068237560913
90 2088.942419027384 499.831599368876
91 2091.292732222632 498.745520514007
92 2093.735562686724 497.744183057319
93 2096.224762195323 496.960056683471
94 2098.745853969092 496.224000417133
95 2101.218827259625 495.718904491684
96 2103.808232170161 495.287056341344
97 2106.310452063462 495.047472724254
98 2108.840157055545 494.921175173261
99 2111.331852740356 495.009599941846
100 2113.853442385835 495.160448298297
FWD_0051
0
100
1 1655.641050096112 577.302042381368
2 1656.339852144751 574.936508719778
3 1657.041340345573 572.577924374969
4 1657.721334219405 570.314472249445
5 1658.340039495881 568.116086629205
6 1658.931611450474 565.977158938416
7 1659.480486920485 563.918726776586
8 1659.961490804736 561.996594078915
9 1660.396365825434 560.158610662397
10 1660.809351357097 558.414424104512
11 1661.142016654689 556.781699098253
12 1661.495279050789 555.303481488560
13 1661.805001195814 553.916932908322
14 1662.094107600755 552.655035615843
15 1662.419250245805 551.579350436596
16 1662.753934254392 550.580148935443
17 1663.093375976380 549.769666605728
18 1663.465623644037 549.154850326258
19 1663.888152378064 548.659892553212
20 1664.336682404539 548.364658520367
21 1664.837806391276 548.246580221624
22 1665.312796684423 548.317927115270
23 1665.831379898921 548.570782823759
24 1666.350487805450 549.050583797851
25 1666.861843784356 549.700593529949
26 1669.006529601639 550.586119481124
27 1676.241318589854 551.634393122353
28 1683.387855943266 552.928077287593
29 1690.537132580615 554.400406125789
30 1697.587129946952 556.010232783608
31 1704.611033135320 557.822548860683
32 1711.577493783926 559.757424775277
33 1718.464811807180 561.823444924412
34 1725.348750553712 564.041490743570
35 1732.171082089590 566.324292341487
36 1738.984039999882 568.636000594399
37 1745.793842212549 571.047339215348
38 1752.626844648885 573.474483405298
39 1759.462956994499 575.883397240878
40 1766.298007624412 578.316331233319
41 1773.191970540644 580.669188281181
42 1780.139496409744 583.012611589962
43 1787.120196272130 585.272193133365
44 1794.120269792659 587.440047281235
45 1801.152590108122 589.530931064598
46 1808.193717681052 591.483977704674
47 1815.282662979562 593.386411957448
48 1822.338190687061 595.144459296606
49 1829.386013598014 596.761000845932
50 1836.458755536511 598.257080211507
51 1843.463756422489 599.631300189942
52 1850.444825122075 600.864117102185
53 1857.363482746012 601.989621230479
54 1864.254024280623 602.952992865367
55 1871.095381022381 603.798789436121
56 1874.133144109428 604.457455073339
57 1874.044447193224 605.006040842108
58 1873.963470490551 605.366989657378
59 1873.852186143328 605.569963826635
60 1873.742533462993 605.597095411320
61 1873.625209038774 605.488749854457
62 1873.545214430196 605.194997155703
63 1873.505941173768 604.698590776205
64 1873.495567069393 604.034991012799
65 1873.522310354282 603.164510870464
66 1873.610867504882 602.110700413819
67 1873.730141380177 600.889535955175
68 1873.919190073610 599.468582439844
69 1874.096578228893 597.916035850095
70 1874.347963911287 596.186044183301
71 1874.566402324845 594.326427655303
72 1874.808461217146 592.339153457654
73 1875.046731453557 590.243437634762
74 1875.219235720149 588.048789033125
75 1875.413455021779 585.803718909595
76 1877.056936041739 583.498898477993
77 1879.118020457652 581.160879355582
78 1881.168136458579 578.823592665929
79 1883.174280335991 576.534396545062
80 1885.162015351777 574.249804334941
81 1887.132062260247 572.058090223704
82 1889.102267116835 569.892393004568
83 1891.076645329420 567.831715977413
84 1893.053944358267 565.887032220497
85 1895.120907592774 564.029864501953
86 1897.138284811835 562.345124509875
87 1899.241078621472 560.761480510476
88 1901.422033800135 559.341063235619
89 1903.628074495255 558.009492881898
90 1905.917414236334 556.843616870428
91 1908.246718676531 555.827419775403
92 1910.660685229224 554.948465363091
93 1913.076645108363 554.209007772197
94 1915.507429270125 553.619931417484
95 1917.991140634738 553.162692598643
96 1920.447897082941 552.854047657417
97 1922.905987862707 552.683244440137
98 1925.361283047444 552.691685815064
99 1927.781817763453 552.824962635314
100 1930.183517646596 553.112372290441
FWD_0052
0
100
1 1924.040818126485 456.061259132029
2 1924.880355886748 453.488507973068
3 1925.732280967071 450.950670076556
4 1926.480026440311 448.558437200603
5 1927.330598242261 446.134504551254
6 1928.050587766089 443.809878650449
7 1928.701638689072 441.625461332237
8 1929.376993266169 439.452136904574
9 1929.919266540554 437.476840331879
10 1930.397739161609 435.635501244063
11 1930.926816276285 433.801586899727
12 1931.418992484399 432.167141618383
13 1931.815064156642 430.652553242177
14 1932.265562658745 429.271909356090
15 1932.680419050105 428.051562335988
16 1933.050717163086 427.026565551758
17 1933.552278813445 426.048520774258
18 1934.014197415127 425.323050849620
19 1934.475309888604 424.798994416550
20 1935.073187695816 424.389011762223
21 1935.593987852693 424.207611048264
22 1936.172000794540 424.247178054098
23 1936.744549444476 424.445890584122
24 1937.293835738515 424.928123103329
25 1937.810757706294 425.583309730915
26 1940.056820288809 426.419189883960
27 1947.318455381035 427.518688656000
28 1954.448501238304 428.851783410877
29 1961.734142459079 430.222621708881
30 1968.706735463615 431.961844382757
31 1975.722542564638 433.813892668741
32 1982.656918193910 435.859023879735
33 1989.559358638147 437.992994311331
34 1996.435522502012 440.263057195912
35 2003.171423763391 442.692559822212
36 2010.016189957247 445.093760470043
37 2016.721390447066 447.649733936927
38 2023.521400829692 450.158056537877
39 2030.269418794277 452.750104158770
40 2037.076250917729 455.275864411625
41 2043.871946618563 457.787586696806
42 2050.720193911229 460.254019619673
43 2057.565824157578 462.705992492484
44 2064.516327979212 465.013021232756
45 2071.472642216177 467.259427589492
46 2078.404577659105 469.394663141673
47 2085.380741665786 471.435569136107
48 2092.303919884463 473.384067541210
49 2099.238440538071 475.215964447285
50 2106.150216398215 476.880888323561
51 2113.014327756554 478.429073818031
52 2119.839797030059 479.841865593524
53 2126.662593314024 481.100087597156
54 2133.408611386926 482.248554401931
55 2140.058131355967 483.266164273391
56 2142.960733729093 484.079312297509
57 2142.687689392502 484.814302907958
58 2142.466710757662 485.306124398314
59 2142.164577809360 485.695776356750
60 2141.914017592821 485.841010282226
61 2141.624120374419 485.857407861075
62 2141.380620048397 485.712516636072
63 2141.222114485864 485.300900637369
64 2141.024113584428 484.737933081962
65 2140.920785655991 483.975375805894
66 2140.884193892443 482.994862042678
67 2140.830251502289 481.855330768737
68 2140.834831545537 480.579501532080
69 2140.933844956176 479.030417523963
70 2141.033239064125 477.382988490460
71 2141.068027050497 475.595763634759
72 2141.160144863133 473.671573182202
73 2141.281016319266 471.568498067422
74 2141.427691055753 469.339099276337
75 2141.513979903750 467.079894124770
76 2143.001830832632 464.783207726904
77 2144.977048129477 462.454860690826
78 2146.955621360000 460.077753105721
79 2148.855897576303 457.740424828532
80 2150.789887680108 455.421253759747
81 2152.700414972939 453.134370192201
82 2154.596044666782 450.941216198130
83 2156.507166466210 448.841218637497
84 2158.464043743105 446.821116318158
85 2160.461130789189 444.896745984314
86 2162.526308520582 443.035781586623
87 2164.614736461950 441.368233660718
88 2166.753098500315 439.824507734819
89 2169.020036193215 438.391797810881
90 2171.318928554913 437.119674319553
91 2173.703802024001 435.931303072728
92 2176.115937576997 434.928922464659
93 2178.598608650652 434.055148607926
94 2181.105617392644 433.304269734434
95 2183.579949720417 432.751779633171
96 2186.184555592788 432.259246419322
97 2188.728492254895 431.947497624296
98 2191.259996975235 431.819909078250
99 2193.766788397662 431.788430211421
100 2196.300505805195 431.926725625682
FWD_0053
0
100
1 1559.078726410580 551.790227640163
2 1559.677438542110 549.451119693212
3 1560.328409591590 547.134818070944
4 1560.895626006910 544.867440529457
5 1561.465903515376 542.707595993667
6 1561.992872395259 540.577599878280
7 1562.471531142868 538.575053837840
8 1562.871518803227 536.653903745139
9 1563.259462248432 534.826185524368
10 1563.558494704697 533.120407076041
11 1563.855706567088 531.485443720917
12 1564.118305384086 530.002490067161
13 1564.395598910208 528.659593209359
14 1564.619714623218 527.433673363160
15 1564.871144667758 526.342171364056
16 1565.165156629536 525.379594640615
17 1565.473060972605 524.580162064180
18 1565.814481317072 523.923247908197
19 1566.198250177999 523.464587605230
20 1566.600223080973 523.151092676042
21 1567.033630371094 523.052307128906
22 1567.517676054083 523.091457144889
23 1568.011152339157 523.356139814277
24 1568.503083268276 523.830082178581
25 1568.982294629503 524.500578963954
26 1571.141245980723 525.344270803636
27 1578.358496882498 526.437916480247
28 1585.532091148762 527.682102586767
29 1592.651353493916 529.125489461401
30 1599.735573393565 530.752694951085
31 1606.744403906041 532.526848510289
32 1613.710322061269 534.465015571045
33 1620.655828476963 536.509048582217
34 1627.547506519256 538.692406215121
35 1634.431229602230 540.955696387286
36 1641.266112233052 543.268149828140
37 1648.127911762345 545.646414426213
38 1654.931789054828 548.071136529307
39 1661.843289129369 550.435577555834
40 1668.758334735249 552.842216065331
41 1675.666145204839 555.186126066830
42 1682.659103684629 557.483588416479
43 1689.712391893152 559.713179879804
44 1696.755855228143 561.840346364204
45 1703.848734321503 563.897962431277
46 1710.980317572956 565.885993602141
47 1718.148551713732 567.721868490542
48 1725.289582505117 569.457660420509
49 1732.402763137443 571.043058741705
50 1739.535952629342 572.527038839124
51 1746.613773992566 573.881052127469
52 1753.623834735998 575.129107365697
53 1760.631462400823 576.228365553853
54 1767.585813375961 577.169130733266
55 1774.527844241939 577.973721482277
56 1777.629705461424 578.635428704038
57 1777.616332491223 579.177698210758
58 1777.614009500615 579.520316146584
59 1777.587021698301 579.708229676055
60 1777.546233583276 579.745204989604
61 1777.522805800960 579.619222371695
62 1777.496451798769 579.303412549362
63 1777.533090232745 578.821530398473
64 1777.573909945115 578.119335871259
65 1777.644352182530 577.264000892590
66 1777.788325237301 576.227784835053
67 1777.993054965059 575.016398899611
68 1778.217650610576 573.623917861952
69 1778.452305223088 572.081590232123
70 1778.727223186745 570.351041560351
71 1779.009701602931 568.500288514266
72 1779.320360401458 566.519816068519
73 1779.555973624126 564.453282116883
74 1779.767703484910 562.276836177025
75 1780.013415089589 560.044398873198
76 1781.670790874699 557.761609285522
77 1783.747760951082 555.481594295637
78 1785.819367013222 553.170135110958
79 1787.857219722368 550.882200274628
80 1789.862602276855 548.628705647408
81 1791.816500849223 546.435260354444
82 1793.782818311363 544.340476496872
83 1795.748049241597 542.322367628351
84 1797.711757575866 540.383184336588
85 1799.756273190153 538.598067105501
86 1801.755452577737 536.899052986623
87 1803.849979338641 535.360496495371
88 1806.026969135999 533.934884998111
89 1808.239961707245 532.652291795882
90 1810.470329566088 531.549424039281
91 1812.764265704867 530.553369741996
92 1815.123515596236 529.677123715454
93 1817.488914960427 528.966059067016
94 1819.887406291836 528.404874671664
95 1822.335680648502 527.991709556573
96 1824.729127722501 527.712879284540
97 1827.153459205338 527.561555698175
98 1829.532754861234 527.589062157516
99 1831.894382651112 527.743856567664
100 1834.236396501651 528.066909415182
FWD_0055
0
100
1 511.122529379723 790.477077150643
2 511.126644438642 788.633354016279
3 511.127777669569 786.849722337477
4 511.093792249835 785.169766222125
5 511.023154217007 783.512107304348
6 510.921850523532 781.875820198629
7 510.811297873753 780.400126405118
8 510.651841884341 778.953715426840
9 510.466788887221 777.609081285392
10 510.224251541698 776.375112463567
11 509.970018075592 775.208009908091
12 509.713053083663 774.140177919358
13 509.453325428220 773.202382097136
14 509.237254090119 772.328344241030
15 509.016283973045 771.573521933491
16 508.880401615138 770.911599852698
17 508.774091337001 770.414740276593
18 508.731970926880 770.012210791407
19 508.738645164050 769.750925422307
20 508.822084969482 769.648390109488
21 508.957675179052 769.672504892013
22 509.199345651687 769.851288927372
23 509.437485871315 770.210470873955
24 509.725937785676 770.718737808743
25 510.041639912263 771.406817777941
26 512.081560086977 772.244069652284
27 519.202551203567 773.251466887188
28 526.298678332962 774.405656217595
29 533.417883370863 775.705191031628
30 540.472683924952 777.186977592844
31 547.534393065592 778.751563885656
32 554.573054640901 780.449090437887
33 561.609434924700 782.254497372554
34 568.645676308272 784.120279699631
35 575.713355323571 786.050420885166
36 582.771102265339 788.024917757038
37 589.836553422658 790.018131465330
38 596.985351562500 792.013282775879
39 604.200965049980 793.992209872311
40 611.448926820945 795.921401987588
41 618.739944782732 797.816176060066
42 626.130380946171 799.652239493871
43 633.552736933485 801.411925212996
44 641.106404204403 803.035007649448
45 648.666347067084 804.598861784673
46 656.293862064075 806.017528064487
47 663.941354108338 807.356759515949
48 671.652113575961 808.542969107412
49 679.350004095709 809.642788818019
50 687.035412434621 810.605028573499
51 694.713164988141 811.436914945861
52 702.397232675040 812.153114352945
53 709.998884469304 812.727163209757
54 717.584092161893 813.218082938881
55 725.164771813784 813.559092026045
56 728.919594124348 813.731345891806
57 729.555881497695 813.814760647384
58 730.219380732474 813.743451152731
59 730.804255401391 813.570687433195
60 731.420219063944 813.247328947302
61 732.033435262231 812.707194081521
62 732.664233784619 812.096474081447
63 733.324927579193 811.291313190695
64 733.972745325156 810.344693360528
65 734.692964041811 809.243631076088
66 735.444751558005 807.963904685201
67 736.213423500295 806.585314167948
68 736.958915630662 805.044325065837
69 737.761518758692 803.399759954364
70 738.549543458288 801.586972711748
71 739.350682475395 799.662456379746
72 740.077963823766 797.665601427986
73 740.778968009387 795.607125234474
74 741.443206205591 793.491280643843
75 742.022509108012 791.358380419208
76 744.034208935025 789.179266274754
77 746.462053277022 787.014892631190
78 748.812037993805 784.870747474312
79 751.088999318336 782.796465547534
80 753.312592981610 780.750201382707
81 755.470524824286 778.815448493246
82 757.584883647532 776.991866702568
83 759.656279981468 775.316320977456
84 761.707294845473 773.716053830690
85 763.740459084761 772.273677484446
86 765.777896301622 770.925937413177
87 767.829778815759 769.790103859422
88 769.903816750446 768.776484446880
89 771.965219762288 767.914638554409
90 774.072173834884 767.225812286440
91 776.191054031659 766.673476297239
92 778.305879064477 766.271825045374
93 780.412451392704 766.007063139790
94 782.532402899824 765.879509986687
95 784.601335720487 765.916431669507
96 786.639026120742 766.118703133639
97 788.650437734969 766.445972847611
98 790.607481285073 766.887435687388
99 792.502137801141 767.532100680513
100 794.331660232846 768.285577946056
FWD_0139
0
76
25 1053.576166493193 614.589175402156
26 1055.668757397076 615.439142107939
27 1062.825565984452 616.467020102920
28 1069.974426999003 617.671762014646
29 1077.085136896610 619.056580034389
30 1084.175728644975 620.588680903432
31 1091.248690714276 622.311418837145
32 1098.255872811041 624.130492349751
33 1105.239355594627 626.059315925404
34 1112.205675521725 628.068082394036
35 1119.154627399570 630.198597822465
36 1126.116748768145 632.346805292990
37 1133.090758290911 634.541459852919
38 1140.098817051869 636.757401924985
39 1147.143085468604 638.978971164853
40 1154.226176728967 641.175713122574
41 1161.383787524746 643.289533767351
42 1168.556428687131 645.401658802735
43 1175.813523268267 647.387630318171
44 1183.088701974415 649.308391499359
45 1190.450251322843 651.165237054892
46 1197.839316749645 652.847629161137
47 1205.230528663150 654.458856687160
48 1212.658240861678 655.955210568058
49 1220.072867398063 657.344029005481
50 1227.493135107285 658.606627217149
51 1234.874710991229 659.695058807376
52 1242.246178695548 660.732979343369
53 1249.565407297353 661.596010910383
54 1256.821768167703 662.345931610172
55 1264.076239761370 662.929404549036
56 1267.520857214614 663.385204634783
57 1267.829781580630 663.725407359561
58 1268.165674003954 663.889761800997
59 1268.458073770105 663.938004039831
60 1268.722112062434 663.780377203938
61 1268.994688346269 663.505979750178
62 1269.348822974046 663.086355474197
63 1269.660618725864 662.456660660235
64 1270.030256814665 661.644578809101
65 1270.441060995042 660.699367435717
66 1270.863260311027 659.551419818641
67 1271.339621960163 658.289460390165
68 1271.825024979877 656.812824824986
69 1272.371578896176 655.268243846819
70 1272.872225239988 653.498678675868
71 1273.417453201150 651.660430526056
72 1273.900267853838 649.655360387779
73 1274.401575748030 647.633830879964
74 1274.820016908054 645.492540586453
75 1275.223181474464 643.315778877582
76 1277.050691903041 641.089630496701
77 1279.308225540213 638.871624246690
78 1281.502680533553 636.626225202261
79 1283.646470895347 634.458117303490
80 1285.730157257278 632.326044659245
81 1287.789312563398 630.267256731112
82 1289.813343435410 628.287738761030
83 1291.829510202140 626.443561134498
84 1293.831499100150 624.656653551325
85 1295.848095329838 623.061304072737
86 1297.882608468266 621.518189570457
87 1299.952092404213 620.179321268785
88 1302.050321823021 618.961223130284
89 1304.183194638370 617.874800533809
90 1306.354684584541 616.945596881567
91 1308.541848198345 616.181128595727
92 1310.750840611422 615.485811675973
93 1313.017108154297 615.021386718750
94 1315.254578253813 614.628458187556
95 1317.507392899254 614.427947151341
96 1319.702812034546 614.375975365713
97 1321.894609284296 614.430594428195
98 1324.066515431049 614.653292273728
99 1326.208171166430 615.019566046429
100 1328.272574515949 615.523911545900
FWD_0152
0
76
25 877.570973959216 316.449606385423
26 879.660891953942 317.271689456790
27 886.852911817693 318.261197961413
28 894.039560615692 319.447822952756
29 901.169516977502 320.781631670217
30 908.303710972582 322.333567162487
31 915.407422962083 323.989015344358
32 922.514425033617 325.810316629196
33 929.600635730062 327.746677557937
34 936.666906068084 329.797113311485
35 943.732687058877 331.935397829403
36 950.831493275378 334.154268734498
37 957.953855961103 336.389143843712
38 965.094878999320 338.621623433838
39 972.284476709404 340.870321529406
40 979.511909121156 343.132062623358
41 986.856748927484 345.352081267839
42 994.211439666812 347.511008808156
43 1001.645098217353 349.602659577866
44 1009.158654837720 351.612912944212
45 1016.664380224450 353.508927375760
46 1024.263439184248 355.367432666243
47 1031.881432216433 357.075839240862
48 1039.510454543360 358.694165592596
49 1047.156726377576 360.172453188854
50 1054.754134250031 361.545141735416
51 1062.369861094855 362.790577071932
52 1069.962992627522 363.914774863813
53 1077.466930351869 364.918861243821
54 1084.948279691457 365.823446565628
55 1092.390565348810 366.597286760296
56 1096.033542707140 367.197259978920
57 1096.558095512597 367.693692477646
58 1097.063200654774 367.994391986444
59 1097.504625949545 368.182137228350
60 1097.976076003688 368.240907778087
61 1098.422225379386 368.094732538398
62 1098.926649427357 367.788670860585
63 1099.380199804355 367.361623581871
64 1099.898239331658 366.725842203996
65 1100.410268179912 365.901704165537
66 1100.978495325850 364.948818778416
67 1101.564305924402 363.807248802497
68 1102.162464387941 362.535651210180
69 1102.756327861975 361.103763848825
70 1103.361583165429 359.503603475186
71 1103.942548851474 357.791435951916
72 1104.489285670777 355.946963218182
73 1105.033283817438 354.034507110548
74 1105.484130425023 351.993520503900
75 1105.877563476562 349.948242187500
76 1107.699986126160 347.862185660128
77 1109.948138263627 345.734425928272
78 1112.132720558694 343.628704182089
79 1114.229585041971 341.555420698731
80 1116.287901296781 339.512728500606
81 1118.286194888903 337.537251077562
82 1120.229423218611 335.628994054573
83 1122.176055115773 333.802555258276
84 1124.083588285396 332.132323015009
85 1126.008646922115 330.548102616549
86 1127.937946325929 329.061478247753
87 1129.860908638414 327.745597862772
88 1131.806387457500 326.530586571555
89 1133.821955945651 325.473222680872
90 1135.816396562656 324.522442126660
91 1137.885260828445 323.703326307925
92 1139.964971640023 323.028278160356
93 1142.031628106565 322.494449385495
94 1144.107978679892 322.086491221934
95 1146.178571110925 321.800814908519
96 1148.228586378849 321.662394819305
97 1150.251072096982 321.672346036801
98 1152.235926093616 321.790616047434
99 1154.182751664418 322.077585163435
100 1156.088711515878 322.480320676203
FWD_0163
0
53
48 1410.807416922516 695.370579882754
49 1418.094711011869 696.758958710681
50 1425.386730779173 698.040877037729
51 1432.623290496855 699.258228606510
52 1439.846852386545 700.278119643435
53 1447.001636970461 701.212977139313
54 1454.123956615724 701.935285807872
55 1461.212025019745 702.579872667233
56 1464.513979393321 703.085002137459
57 1464.717274883192 703.412286748629
58 1464.853949831516 703.597141457995
59 1465.003208307587 703.648120950240
60 1465.139887172930 703.519353691151
61 1465.299451630426 703.279412588000
62 1465.484282250699 702.794654835959
63 1465.668571507455 702.216873236382
64 1465.912533890908 701.420347639083
65 1466.175824832803 700.418639877486
66 1466.521545734241 699.282343821878
67 1466.852767944336 697.993286132812
68 1467.242781825202 696.496720838005
69 1467.663552313690 694.891510928899
70 1468.078375330738 693.137702430780
71 1468.524606646361 691.240668747853
72 1468.958764896091 689.259204529750
73 1469.346060010935 687.137601966238
74 1469.720631297592 684.963501090222
75 1470.039306783638 682.724827403450
76 1471.811752503449 680.464367275124
77 1474.040522571125 678.208792871745
78 1476.194250427058 675.898284061273
79 1478.301715691623 673.664306173926
80 1480.401272106528 671.478206831798
81 1482.438507653045 669.376480503470
82 1484.464302098685 667.344787866897
83 1486.481291569957 665.399966463210
84 1488.493693234847 663.563072974419
85 1490.536255973079 661.877839354296
86 1492.586912347293 660.332647886543
87 1494.677945626634 658.879418565259
88 1496.834296071165 657.588493770247
89 1498.984668682250 656.471235983892
90 1501.221068646282 655.449198265501
91 1503.496449175474 654.614231755091
92 1505.800864082738 653.912812106644
93 1508.095636373724 653.371908493542
94 1510.451354495979 652.937532642605
95 1512.796165869367 652.660950458636
96 1515.116457805602 652.537941914938
97 1517.413714649346 652.572511790826
98 1519.678995641511 652.746553610800
99 1521.911191573318 653.096374251125
100 1524.107258136266 653.526456962826
FWD_0165
0
76
25 276.997354902549 715.171130993608
26 278.997390747070 716.043838500977
27 286.083127345951 716.970223542478
28 293.195290315462 718.125759076799
29 300.315085292821 719.429556014795
30 307.407420376282 720.824275094359
31 314.490543226416 722.399919185537
32 321.567291494861 724.031812306348
33 328.649287688723 725.774289787543
34 335.739904256163 727.617364218918
35 342.863363392135 729.493393299011
36 350.015245459070 731.442039582799
37 357.190835516675 733.385781936078
38 364.421077606889 735.318576031381
39 371.715499568842 737.228112264812
40 379.077372325507 739.145778834535
41 386.513195885956 740.972308927370
42 394.013038666198 742.722106381297
43 401.605208042374 744.424867194644
44 409.279157955847 745.993333151496
45 416.983359491157 747.501715702553
46 424.747697580222 748.862895959747
47 432.579109760126 750.132008603672
48 440.449153565438 751.309331139963
49 448.326541432366 752.330158149251
50 456.189223152991 753.266286764530
51 463.998244232185 754.020331834904
52 471.846766188024 754.708785546391
53 479.653713448227 755.263638453431
54 487.450202698046 755.689260686191
55 495.118095544754 755.967969476802
56 499.056911972286 756.143713328770
57 499.905000935358 756.230626693183
58 500.703936443069 756.130221846477
59 501.531012902461 755.916256625542
60 502.295968536812 755.562817785501
61 503.028470015196 755.030968705039
62 503.843902167328 754.417828108797
63 504.652860358623 753.623686829124
64 505.495535612142 752.689081424994
65 506.358375775150 751.585503859010
66 507.180406891495 750.317512530726
67 508.083183612192 748.938803502147
68 509.047129783526 747.474630772282
69 509.938484040565 745.815414554253
70 510.831110706742 744.033299222601
71 511.710103019661 742.191272630516
72 512.574629921151 740.246399157592
73 513.319591653720 738.168698724893
74 514.057221927032 736.097110440127
75 514.753968748205 734.019307875161
76 516.826625948446 731.903525915735
77 519.324196449791 729.799939292001
78 521.692591768967 727.723777991727
79 524.017535234100 725.707011231735
80 526.272048180658 723.763467077789
81 528.430783377227 721.904720632574
82 530.557286492087 720.162468466004
83 532.618719336306 718.510310314634
84 534.622956111586 716.973266139561
85 536.639997771127 715.607974136675
86 538.651260592418 714.393218922747
87 540.645611519266 713.294912110430
88 542.647250752177 712.360618984111
89 544.666250172783 711.561853175649
90 546.706078982773 710.907164291559
91 548.718538777651 710.442426125513
92 550.752825076214 710.099785455973
93 552.767987665981 709.901600771716
94 554.757338395624 709.846181842753
95 556.737971909683 709.969762357536
96 558.659913136420 710.208635545423
97 560.533637541343 710.594491321906
98 562.380963871983 711.120275555781
99 564.089790268240 711.730466948256
100 565.794831425155 712.556113873045
FWD_0166
0
76
25 577.756456137908 662.118374555565
26 579.788978059440 662.957176250289
27 586.925712436400 663.960361671702
28 594.064125707182 665.153886957701
29 601.154668848695 666.477278415169
30 608.241014005637 667.911809088701
31 615.299932747287 669.517726144053
32 622.364212001685 671.240989547918
33 629.418309540886 673.059778749978
34 636.482417558260 674.995985612302
35 643.544207391084 676.940085877751
36 650.600645339345 678.992660172398
37 657.729747608803 681.010053462065
38 664.869382299366 683.090663659752
39 672.106620727849 685.138255626516
40 679.316667013377 687.116507080597
41 686.670676290357 689.064315990238
42 694.074627666733 690.977435168881
43 701.491730770423 692.787188310746
44 709.049296526981 694.544139176880
45 716.631839746941 696.161753115035
46 724.271337357453 697.672322151238
47 731.942143347892 699.098093187127
48 739.614431909924 700.382438028824
49 747.345086485624 701.571967671804
50 755.038125680820 702.609693269580
51 762.685056210415 703.514849648296
52 770.360307036446 704.350984002327
53 777.983718872070 705.037651062012
54 785.540004804808 705.560399631575
55 793.143426610714 706.019289739560
56 796.860309474650 706.307295812747
57 797.488119665757 706.480578713925
58 798.138147029200 706.505709999028
59 798.727644786933 706.405511988022
60 799.320378959626 706.122576240875
61 799.915270024534 705.734348372761
62 800.515595843481 705.164966344833
63 801.164525276005 704.463059232161
64 801.807811562858 703.562277020082
65 802.463332974783 702.548937553916
66 803.201909690771 701.355939764931
67 803.930153171573 699.990832930012
68 804.657196733901 698.514927640631
69 805.428238841704 696.899361437261
70 806.204251714631 695.175639654861
71 806.935545410375 693.312051792021
72 807.654119396826 691.340198902937
73 808.314457388369 689.334841977351
74 808.934208109399 687.227995040554
75 809.482766040766 685.107337061901
76 811.441498220366 682.957992953260
77 813.862975094353 680.800551182898
78 816.173994808929 678.678637136954
79 818.400697587681 676.604132960919
80 820.560436742931 674.551897130209
81 822.703755569737 672.628227337016
82 824.782314760152 670.800425004725
83 826.825933315466 669.063924663426
84 828.815022168165 667.438871698957
85 830.850239678066 665.955525580153
86 832.862273574699 664.627887205324
87 834.855639507433 663.431103614629
88 836.896902190675 662.411979226782
89 838.953155988795 661.477210743574
90 841.048013044019 660.744423148727
91 843.117273818030 660.139899328415
92 845.206383330434 659.703331700648
93 847.273107540978 659.340956451454
94 849.381346976208 659.198027893951
95 851.445274220425 659.135280206625
96 853.485591653272 659.275147310833
97 855.453111637478 659.522205301697
98 857.419352705322 659.904258889726
99 859.319105114852 660.477637824872
100 861.162637674076 661.138636243667
