1
658
0
81
21 2516.859048394727324 1256.611334686633427
22 2527.224115598043682 1265.033359368552055
23 2536.911989294587784 1272.793535811886159
24 2543.941783123999812 1274.324418064053816
25 2552.525252159174670 1273.913233892318885
26 2561.840722884772276 1275.893636963452309
27 2570.970424458316302 1278.161612643888930
28 2581.309524281546146 1286.784480216268321
29 2591.900593919720450 1297.649373851486871
30 2601.533180214031290 1302.928516868673341
31 2610.948982153293400 1301.318937025883542
32 2619.350542449711156 1299.489261726577070
33 2626.031882727049833 1299.026470389911992
34 2632.001818052589442 1298.366341251061385
35 2638.368048767244545 1298.791414381778395
36 2645.339370266251080 1299.275679918861897
37 2652.709993022443086 1300.139460814015820
38 2660.414062244156412 1301.888387415898706
39 2668.656437026981621 1306.621133561044189
40 2675.934960631239392 1311.750429371055361
41 2681.964888100181724 1312.248279608155826
42 2686.065372964148082 1306.522856314893033
43 2690.359003156813287 1298.381880835302582
44 2695.457230564146812 1291.823762146990703
45 2701.964068900337224 1289.032197905051589
46 2709.013414249493508 1288.552460197808387
47 2713.675296387476919 1288.301669070532171
48 2716.701944584315697 1286.657536652525096
49 2718.851912055089542 1281.830720358321059
50 2720.592164333823348 1276.342453984719896
51 2722.172967984992283 1273.767421757204602
52 2724.315807473807581 1275.620670380590354
53 2725.239707314775387 1282.286529025955133
54 2725.293604819775283 1292.596311004460176
55 2725.505629507367303 1302.483158322005011
56 2725.855249281671604 1307.175250348817826
57 2726.229903388868024 1308.361215395616227
58 2726.034043495445985 1307.115111351664609
59 2725.683387691859480 1303.684786513611016
60 2725.220966559632416 1300.648672647737385
61 2724.631217626273155 1297.386928413780652
62 2723.130832302750605 1294.997322911298625
63 2720.791340025913996 1293.502098368031966
64 2718.361181111504266 1293.459009733360972
65 2716.195057720209661 1296.350974461617398
66 2713.899832071514993 1304.494791774873192
67 2712.554965553508282 1313.825349450153453
68 2710.568572139956359 1319.265399664325741
69 2708.769679632951920 1324.034001828256351
70 2705.557416233082222 1322.846065765504818
71 2702.266469485460220 1318.084850604136136
72 2699.791681780960516 1315.734572692948859
73 2698.071395450157070 1314.385449374676682
74 2696.306815886385721 1314.324719468035937
75 2694.192760708599053 1315.968584064931065
76 2693.491597070443731 1317.221281203044782
77 2693.267301249205957 1316.321691082851430
78 2693.606799572647560 1314.538994975860305
79 2693.825058126089971 1311.535608845346133
80 2693.584219210081301 1307.999942190843058
81 2692.415567965582795 1305.216142784376189
82 2693.470601216265550 1304.369093270237727
83 2694.791693790543377 1304.121421896662014
84 2695.890248091600370 1304.226543739463750
85 2697.759886078221825 1305.641781276472557
86 2698.718499534409602 1306.066302905983548
87 2700.541248544415339 1307.245214327119356
88 2703.687675770863734 1307.993603859206360
89 2706.568380408153644 1306.963458808788346
90 2709.549996529063719 1304.138112288873344
91 2712.634505207467100 1298.685105084635097
92 2716.676654811979006 1292.629820057623874
93 2720.490438303955216 1286.652565254595174
94 2723.924331693613112 1283.460249171773285
95 2726.640642414025479 1284.811340827110143
96 2728.184885624723393 1285.968462605969535
97 2730.356739634160476 1283.781849702515501
98 2732.675164136009698 1277.038423917719001
99 2732.773995409586860 1268.140174730950548
100 2731.059174336427532 1259.984768716220515
101 2725.296875000000000 1252.313354492187955
