5
ref014
0
160
1 1194.000000000000 717.000000000000
2 1193.875000000000 716.222717285156
3 1193.699096679688 715.817871093750
4 1193.244628906250 715.603454589844
5 1192.672363281250 715.416625976562
6 1191.880981445312 715.265869140625
7 1190.887329101562 715.129699707031
8 1189.407836914062 714.918273925781
9 1187.005371093750 714.757080078125
10 1183.233032226562 715.000976562500
11 1178.784057617188 716.425842285156
12 1174.525634765625 719.924926757812
13 1170.232910156250 727.787902832031
14 1166.435668945312 739.557189941406
15 1162.671630859375 753.085693359375
16 1159.107910156250 765.273742675781
17 1155.526367187500 774.149353027344
18 1152.281860351562 779.794372558594
19 1149.229736328125 782.990356445312
20 1146.935546875000 784.073974609375
21 1145.056396484375 783.601684570312
22 1143.689453125000 781.521545410156
23 1142.751220703125 778.346130371094
24 1141.946166992188 774.022216796875
25 1141.321655273438 769.080932617188
26 1140.902099609375 763.551818847656
27 1140.376342773438 756.745422363281
28 1139.631347656250 748.142333984375
29 1139.171997070312 737.748107910156
30 1138.854125976562 726.604431152344
31 1138.533325195312 716.009033203125
32 1138.029296875000 706.170837402344
33 1137.066406250000 697.461303710938
34 1135.859497070312 690.463317871094
35 1133.664916992188 685.204467773438
36 1130.967895507812 680.918579101562
37 1127.833007812500 677.004272460938
38 1124.249755859375 673.696716308594
39 1120.151855468750 671.305786132812
40 1115.456665039062 670.179748535156
41 1110.723999023438 670.621215820312
42 1106.291015625000 672.999389648438
43 1102.015625000000 675.049133300781
44 1097.638427734375 675.921325683594
45 1092.732788085938 675.310974121094
46 1087.114868164062 673.417175292969
47 1081.923583984375 669.776794433594
48 1078.201416015625 663.920959472656
49 1076.219604492188 655.499877929688
50 1075.814331054688 645.266052246094
51 1076.090576171875 633.798217773438
52 1077.112792968750 620.794372558594
53 1078.731811523438 606.642395019531
54 1079.749511718750 594.303100585938
55 1078.952270507812 586.539306640625
56 1077.736938476562 582.228027343750
57 1078.064208984375 580.921203613281
58 1080.104736328125 583.635864257812
59 1083.745605468750 589.760437011719
60 1088.665039062500 598.237792968750
61 1094.300292968750 607.799560546875
62 1100.375854492188 617.387268066406
63 1106.184082031250 626.831542968750
64 1111.643310546875 635.814270019531
65 1116.194213867188 644.359558105469
66 1120.639038085938 652.658203125000
67 1125.196777343750 661.017639160156
68 1129.699218750000 669.445190429688
69 1134.543579101562 677.400634765625
70 1139.599853515625 684.440429687500
71 1145.107055664062 690.022888183594
72 1150.779541015625 694.410705566406
73 1155.935180664062 697.554199218750
74 1160.695922851562 699.237304687500
75 1164.491943359375 699.320678710938
76 1167.874389648438 697.422485351562
77 1171.190307617188 693.816528320312
78 1174.163818359375 688.988037109375
79 1176.355346679688 683.565734863281
80 1178.086791992188 677.977905273438
81 1179.332153320312 672.946960449219
82 1179.960693359375 668.644775390625
83 1180.312255859375 664.503173828125
84 1180.393310546875 660.028991699219
85 1180.029663085938 655.108825683594
86 1179.231933593750 650.112915039062
87 1178.312866210938 645.459228515625
88 1177.499145507812 642.558593750000
89 1176.761352539062 644.757080078125
90 1176.756469726562 654.458496093750
91 1178.039306640625 671.821655273438
92 1181.430664062500 693.714477539062
93 1185.875732421875 717.606689453125
94 1191.307128906250 741.807067871094
95 1197.467529296875 764.962036132812
96 1203.959228515625 785.657470703125
97 1209.572998046875 802.347656250000
98 1213.813598632812 813.364318847656
99 1216.618041992188 818.564697265625
100 1218.136962890625 819.150634765625
101 1218.552368164062 816.558349609375
102 1218.263427734375 811.440673828125
103 1217.456298828125 804.016967773438
104 1216.500854492188 794.542541503906
105 1215.253540039062 784.070251464844
106 1214.195312500000 773.605163574219
107 1213.296386718750 763.634826660156
108 1212.613403320312 754.533996582031
109 1211.811279296875 745.884704589844
110 1210.908813476562 737.844299316406
111 1210.002197265625 731.939941406250
112 1209.539794921875 729.351501464844
113 1209.612426757812 729.547424316406
114 1210.281616210938 731.793029785156
115 1211.280273437500 735.664978027344
116 1211.722656250000 740.469116210938
117 1211.534790039062 744.886047363281
118 1210.692016601562 747.801086425781
119 1209.270629882812 748.240173339844
120 1207.310546875000 746.336547851562
121 1205.301757812500 743.381652832031
122 1203.628417968750 739.882629394531
123 1202.124511718750 736.036560058594
124 1200.858276367188 731.446838378906
125 1199.699340820312 725.883605957031
126 1198.491577148438 720.646240234375
127 1197.059692382812 717.192932128906
128 1195.336059570312 715.827758789062
129 1193.513427734375 716.131591796875
130 1191.831420898438 717.923889160156
131 1190.598754882812 721.445495605469
132 1189.581665039062 726.780822753906
133 1188.503417968750 732.936645507812
134 1187.489379882812 738.296020507812
135 1186.272460937500 741.615112304688
136 1184.916259765625 742.976013183594
137 1183.613403320312 742.824096679688
138 1182.507812500000 741.249633789062
139 1181.437255859375 738.565673828125
140 1180.568725585938 735.068603515625
141 1180.084106445312 731.239929199219
142 1179.925903320312 727.813781738281
143 1179.973388671875 725.672668457031
144 1180.331665039062 725.629516601562
145 1180.952270507812 727.486206054688
146 1181.442260742188 730.414367675781
147 1181.653442382812 733.209716796875
148 1181.449096679688 735.110656738281
149 1181.024902343750 735.640502929688
150 1180.360595703125 735.242736816406
151 1179.699340820312 734.133178710938
152 1179.191040039062 732.341735839844
153 1178.876831054688 729.748535156250
154 1178.862792968750 726.588806152344
155 1179.054809570312 723.520996093750
156 1179.382568359375 721.252746582031
157 1179.819091796875 720.034118652344
158 1180.376708984375 718.609008789062
159 1181.111816406250 716.271362304688
160 1181.879272460938 713.891052246094
ref017
0
160
1 1594.000000000000 933.000000000000
2 1594.522094726562 932.290954589844
3 1594.759643554688 931.284515380859
4 1595.160888671875 929.749725341797
5 1595.620117187500 927.813110351562
6 1596.162597656250 925.689270019531
7 1596.680297851562 923.531616210938
8 1597.036254882812 921.093872070312
9 1597.041137695312 918.381713867188
10 1596.687866210938 915.416381835938
11 1596.067993164062 912.549316406250
12 1595.248901367188 910.076416015625
13 1594.180786132812 908.398132324219
14 1592.755371093750 907.519226074219
15 1591.037963867188 907.783874511719
16 1589.355957031250 909.059814453125
17 1587.540405273438 910.872619628906
18 1585.504516601562 912.750854492188
19 1583.064575195312 914.650268554688
20 1580.279418945312 916.507202148438
21 1577.277832031250 918.184265136719
22 1574.268066406250 919.577575683594
23 1571.181640625000 921.033081054688
24 1567.919555664062 922.982177734375
25 1564.629028320312 925.871459960938
26 1561.385864257812 929.596557617188
27 1557.971923828125 933.453674316406
28 1554.653076171875 937.443511962891
29 1551.406372070312 942.116333007812
30 1548.118164062500 946.930847167969
31 1544.686889648438 951.328277587891
32 1541.349487304688 955.264892578125
33 1538.234985351562 958.325134277344
34 1535.347045898438 960.060699462891
35 1533.179687500000 961.027160644531
36 1531.918457031250 961.388031005859
37 1531.733398437500 961.568969726562
38 1532.406005859375 961.227203369141
39 1533.843505859375 959.789916992188
40 1535.929687500000 957.398620605469
41 1538.392700195312 953.797454833984
42 1541.073120117188 948.663574218750
43 1544.021240234375 941.833648681641
44 1546.917114257812 933.342834472656
45 1549.597534179688 923.486083984375
46 1551.697509765625 912.703369140625
47 1553.677734375000 902.673339843750
48 1555.921264648438 894.232238769531
49 1559.074951171875 887.159606933594
50 1562.577514648438 880.473266601562
51 1565.516845703125 873.997009277344
52 1567.903564453125 868.528198242188
53 1569.779785156250 864.384094238281
54 1570.334472656250 861.010620117188
55 1569.345092773438 858.464599609375
56 1567.422607421875 856.755432128906
57 1565.416137695312 856.368347167969
58 1563.623291015625 858.359436035156
59 1562.145629882812 862.407775878906
60 1561.087524414062 868.146484375000
61 1560.214965820312 874.455688476562
62 1559.671997070312 881.034912109375
63 1559.009277343750 887.317077636719
64 1558.387451171875 892.800292968750
65 1558.009033203125 897.591491699219
66 1558.002441406250 901.755126953125
67 1558.291015625000 905.413818359375
68 1558.960083007812 908.870117187500
69 1559.873168945312 912.109558105469
70 1560.883544921875 915.033325195312
71 1561.903198242188 917.515869140625
72 1562.777587890625 920.085021972656
73 1563.767211914062 923.141723632812
74 1564.411499023438 926.282836914062
75 1564.935791015625 929.368499755859
76 1565.309082031250 932.029235839844
77 1565.546020507812 934.075195312500
78 1565.598022460938 935.270263671875
79 1565.469726562500 935.480773925781
80 1565.267089843750 934.428039550781
81 1565.320922851562 932.428894042969
82 1565.657958984375 929.564392089844
83 1566.225341796875 925.886352539062
84 1567.174438476562 921.076171875000
85 1568.392333984375 914.675964355469
86 1569.995849609375 906.589111328125
87 1571.888549804688 896.754455566406
88 1574.253173828125 886.291137695312
89 1577.046997070312 876.955688476562
90 1579.747070312500 869.993591308594
91 1582.417236328125 865.706604003906
92 1584.991088867188 863.730102539062
93 1587.330078125000 863.090026855469
94 1589.269042968750 863.023132324219
95 1590.512207031250 862.732482910156
96 1590.518676757812 861.690490722656
97 1589.335693359375 860.040527343750
98 1587.204101562500 857.812194824219
99 1584.915283203125 855.636047363281
100 1582.988281250000 853.896972656250
101 1581.465942382812 852.684326171875
102 1580.637451171875 852.274108886719
103 1580.490600585938 852.917907714844
104 1580.856079101562 854.059143066406
105 1581.461425781250 855.189025878906
106 1582.166259765625 855.870849609375
107 1582.699096679688 855.758239746094
108 1583.263183593750 854.964294433594
109 1584.018798828125 853.723632812500
110 1584.905639648438 851.997680664062
111 1585.816528320312 850.552246093750
112 1586.561035156250 849.759399414062
113 1586.929199218750 849.768249511719
114 1586.959106445312 850.267150878906
115 1586.735229492188 851.513549804688
116 1586.194702148438 853.220886230469
117 1585.609008789062 855.385681152344
118 1585.064575195312 857.832214355469
119 1584.552734375000 860.167175292969
120 1584.068481445312 862.192932128906
121 1583.756103515625 863.986083984375
122 1583.558837890625 865.639160156250
123 1583.233032226562 866.598327636719
124 1582.938598632812 866.833862304688
125 1582.515136718750 866.540771484375
126 1582.180786132812 866.132629394531
127 1581.856567382812 866.231445312500
128 1581.374511718750 866.468627929688
129 1580.639160156250 866.893798828125
130 1579.893920898438 867.686035156250
131 1578.996093750000 869.450012207031
132 1578.386840820312 872.334289550781
133 1577.794433593750 875.785705566406
134 1577.314453125000 879.079345703125
135 1577.009155273438 881.832397460938
136 1576.760864257812 884.188720703125
137 1576.832763671875 886.282714843750
138 1576.885986328125 887.812255859375
139 1577.006347656250 888.391601562500
140 1577.291381835938 888.391845703125
141 1577.638671875000 888.263854980469
142 1578.284423828125 888.403991699219
143 1579.162963867188 888.823669433594
144 1580.376220703125 889.731567382812
145 1581.794799804688 890.942932128906
146 1583.460571289062 892.535949707031
147 1585.120971679688 894.461303710938
148 1586.545166015625 896.482849121094
149 1587.704956054688 898.397949218750
150 1588.700805664062 900.171447753906
151 1589.278198242188 901.843688964844
152 1589.635864257812 903.275451660156
153 1589.844482421875 904.514099121094
154 1589.793334960938 905.462585449219
155 1589.613037109375 906.432373046875
156 1589.358398437500 907.717773437500
157 1589.210693359375 909.016845703125
158 1589.171752929688 909.960327148438
159 1589.170898437500 910.372131347656
160 1589.156494140625 910.635009765625
ref048
0
160
1 1354.000000000000 1238.000000000000
2 1355.510864257812 1235.178070068359
3 1357.146850585938 1232.288558959961
4 1359.166748046875 1229.347915649414
5 1361.519897460938 1225.996276855469
6 1364.201293945312 1222.562866210938
7 1366.767578125000 1218.896911621094
8 1369.427368164062 1215.414764404297
9 1371.780883789062 1211.771240234375
10 1373.905151367188 1208.020996093750
11 1375.374511718750 1204.333023071289
12 1376.692993164062 1202.599243164062
13 1378.058959960938 1204.346252441406
14 1379.811523437500 1211.041854858398
15 1381.419921875000 1220.439788818359
16 1381.504516601562 1230.482528686523
17 1380.100952148438 1238.468292236328
18 1376.823486328125 1244.713302612305
19 1373.263916015625 1248.923614501953
20 1369.395385742188 1251.924468994141
21 1364.661499023438 1253.791381835938
22 1360.123901367188 1254.863143920898
23 1354.882324218750 1254.863296508789
24 1349.605346679688 1254.383605957031
25 1343.735595703125 1253.434432983398
26 1337.520629882812 1252.742553710938
27 1330.354858398438 1251.221511840820
28 1322.647216796875 1248.620956420898
29 1313.240478515625 1244.020263671875
30 1303.245727539062 1238.709472656250
31 1292.755004882812 1232.459381103516
32 1283.184936523438 1226.263275146484
33 1274.195800781250 1220.335510253906
34 1266.328002929688 1215.904159545898
35 1259.719238281250 1212.879348754883
36 1254.254394531250 1211.223922729492
37 1249.577270507812 1209.257110595703
38 1246.426513671875 1207.705459594727
39 1244.878051757812 1206.366394042969
40 1245.085571289062 1205.765487670898
41 1247.151611328125 1206.545898437500
42 1251.115112304688 1209.523834228516
43 1256.648071289062 1212.800476074219
44 1263.121826171875 1214.990661621094
45 1269.677368164062 1215.222671508789
46 1277.334716796875 1213.350158691406
47 1284.696533203125 1208.725280761719
48 1292.509521484375 1201.521865844727
49 1299.498046875000 1190.688079833984
50 1306.016845703125 1178.433959960938
51 1311.251342773438 1164.510284423828
52 1315.236694335938 1149.177520751953
53 1316.102050781250 1132.709655761719
54 1313.623168945312 1118.740386962891
55 1309.648193359375 1108.973876953125
56 1305.671630859375 1103.339202880859
57 1302.410644531250 1100.262725830078
58 1302.117919921875 1102.967468261719
59 1303.966674804688 1110.209594726562
60 1307.361206054688 1120.742218017578
61 1310.484863281250 1131.765777587891
62 1313.345336914062 1142.938720703125
63 1315.437988281250 1153.235992431641
64 1317.190185546875 1163.383605957031
65 1318.024169921875 1172.143157958984
66 1318.308349609375 1180.343719482422
67 1318.448364257812 1187.593414306641
68 1319.000732421875 1194.767395019531
69 1319.543457031250 1201.336288452148
70 1319.971679687500 1207.274841308594
71 1319.985351562500 1211.865112304688
72 1319.839965820312 1215.447540283203
73 1319.006591796875 1217.544631958008
74 1317.642089843750 1218.583175659180
75 1315.650024414062 1217.850570678711
76 1313.442260742188 1215.421112060547
77 1310.698730468750 1211.095062255859
78 1308.216430664062 1205.023818969727
79 1306.043090820312 1197.474548339844
80 1304.319946289062 1189.350357055664
81 1303.075195312500 1181.099121093750
82 1302.594482421875 1173.278930664062
83 1302.881713867188 1164.793426513672
84 1304.368530273438 1155.918640136719
85 1306.855224609375 1145.572357177734
86 1310.766235351562 1134.639709472656
87 1316.101440429688 1122.860778808594
88 1322.904174804688 1112.259277343750
89 1331.381469726562 1106.237670898438
90 1341.535766601562 1109.306488037109
91 1354.137573242188 1120.809417724609
92 1366.685180664062 1137.823760986328
93 1379.066162109375 1155.231903076172
94 1390.947509765625 1171.695861816406
95 1400.990478515625 1185.328994750977
96 1408.274658203125 1195.962417602539
97 1412.276245117188 1202.353073120117
98 1413.288940429688 1204.923721313477
99 1411.505004882812 1204.289688110352
100 1407.909179687500 1201.882598876953
101 1403.581787109375 1198.606399536133
102 1399.576782226562 1195.270477294922
103 1395.880249023438 1191.840789794922
104 1392.638427734375 1188.199508666992
105 1389.792602539062 1183.871520996094
106 1387.591430664062 1179.209899902344
107 1385.418945312500 1173.851623535156
108 1383.865966796875 1168.427673339844
109 1382.584960937500 1162.582183837891
110 1381.711914062500 1156.714996337891
111 1380.508911132812 1151.539154052734
112 1380.060302734375 1148.767852783203
113 1379.735229492188 1148.106628417969
114 1379.875610351562 1149.339935302734
115 1379.884033203125 1152.014678955078
116 1379.469238281250 1155.815795898438
117 1378.065429687500 1159.756195068359
118 1375.928833007812 1163.271820068359
119 1373.171264648438 1165.309753417969
120 1370.346313476562 1165.919738769531
121 1367.895996093750 1165.649078369141
122 1366.319458007812 1165.148834228516
123 1365.116821289062 1163.995330810547
124 1364.649536132812 1161.964935302734
125 1364.577636718750 1158.729309082031
126 1364.761596679688 1155.263641357422
127 1364.508056640625 1152.779388427734
128 1364.104614257812 1152.038696289062
129 1363.923828125000 1152.669219970703
130 1363.986450195312 1154.730529785156
131 1364.077758789062 1158.348937988281
132 1364.256347656250 1164.159667968750
133 1364.149658203125 1170.943450927734
134 1363.687622070312 1177.359893798828
135 1362.723876953125 1182.145965576172
136 1361.720581054688 1185.372253417969
137 1360.271118164062 1187.292633056641
138 1359.132568359375 1188.127151489258
139 1358.026733398438 1187.590255737305
140 1357.494750976562 1186.175949096680
141 1357.392456054688 1184.072937011719
142 1357.899047851562 1182.078125000000
143 1358.998901367188 1181.009521484375
144 1360.884155273438 1181.825866699219
145 1363.256835937500 1184.453704833984
146 1365.899536132812 1188.367080688477
147 1368.102783203125 1192.295791625977
148 1369.472778320312 1195.634368896484
149 1369.664916992188 1198.201995849609
150 1369.347534179688 1199.839385986328
151 1368.461425781250 1200.571594238281
152 1367.645874023438 1200.649429321289
153 1366.788818359375 1200.179565429688
154 1365.927368164062 1199.074295043945
155 1365.294677734375 1197.675567626953
156 1364.914062500000 1197.069885253906
157 1364.595214843750 1197.189132690430
158 1364.532348632812 1197.613159179688
159 1364.042358398438 1197.431228637695
160 1363.376708984375 1196.690826416016
ref052
0
160
1 1806.000000000000 116.000000000000
2 1805.401245117188 118.506225585938
3 1804.250732421875 121.757080078125
4 1802.414062500000 126.257446289062
5 1800.030761718750 131.791503906250
6 1796.775634765625 138.085205078125
7 1792.138183593750 144.798339843750
8 1787.336914062500 151.513671875000
9 1783.314819335938 158.190673828125
10 1779.733764648438 164.631103515625
11 1775.132202148438 171.147705078125
12 1769.539184570312 176.756347656250
13 1762.971069335938 180.506713867188
14 1756.221435546875 181.864379882812
15 1749.514648437500 181.073364257812
16 1744.114990234375 178.914184570312
17 1742.056640625000 177.204711914062
18 1743.044799804688 175.502929687500
19 1745.615844726562 173.675903320312
20 1748.100097656250 171.752685546875
21 1750.724975585938 170.445068359375
22 1753.200683593750 169.309326171875
23 1755.894531250000 169.025756835938
24 1758.191528320312 169.321411132812
25 1759.951049804688 169.902221679688
26 1761.225219726562 169.745849609375
27 1762.260131835938 169.300537109375
28 1763.737182617188 169.072387695312
29 1766.689208984375 168.805053710938
30 1770.220703125000 167.555053710938
31 1773.942993164062 165.573974609375
32 1777.959838867188 162.489135742188
33 1781.513916015625 157.622558593750
34 1784.667724609375 149.997924804688
35 1786.982788085938 140.295654296875
36 1789.759155273438 130.097656250000
37 1792.507690429688 120.977294921875
38 1794.772094726562 114.155273437500
39 1796.127807617188 108.311401367188
40 1796.058715820312 103.327026367188
41 1795.061279296875 98.192993164062
42 1793.952758789062 92.580200195312
43 1793.143798828125 86.232666015625
44 1791.717529296875 79.766235351562
45 1789.322875976562 73.091064453125
46 1786.604980468750 67.086914062500
47 1784.987670898438 62.042846679688
48 1784.828369140625 57.949584960938
49 1784.351562500000 55.715087890625
50 1783.736816406250 54.571655273438
51 1783.463378906250 54.325927734375
52 1783.349243164062 54.326904296875
53 1782.794189453125 55.044799804688
54 1783.025146484375 56.683349609375
55 1784.748779296875 59.596069335938
56 1787.090942382812 63.435913085938
57 1788.899047851562 69.023559570312
58 1789.174072265625 75.845458984375
59 1788.843505859375 83.440063476562
60 1787.292114257812 92.188598632812
61 1785.367431640625 101.435546875000
62 1783.642700195312 109.582519531250
63 1782.442382812500 116.228393554688
64 1781.385986328125 120.841796875000
65 1780.177246093750 123.794189453125
66 1779.299316406250 125.810791015625
67 1779.019165039062 127.224243164062
68 1780.357421875000 128.073120117188
69 1782.331542968750 128.122436523438
70 1784.191162109375 127.468994140625
71 1784.811035156250 126.806518554688
72 1785.087768554688 126.320312500000
73 1784.923217773438 125.973510742188
74 1785.232055664062 125.883666992188
75 1785.745971679688 126.655883789062
76 1785.959594726562 128.280517578125
77 1786.355712890625 130.024658203125
78 1787.431640625000 132.093383789062
79 1788.353149414062 133.687377929688
80 1789.436523437500 135.265014648438
81 1789.950927734375 136.694458007812
82 1789.909545898438 138.637573242188
83 1789.342773437500 140.867797851562
84 1788.931518554688 142.707031250000
85 1787.958251953125 145.315307617188
86 1786.837768554688 148.142333984375
87 1785.084106445312 151.555541992188
88 1782.777832031250 154.396606445312
89 1780.921875000000 155.841308593750
90 1780.165771484375 156.425781250000
91 1780.017211914062 157.310791015625
92 1777.935302734375 159.805419921875
93 1772.691650390625 163.271850585938
94 1767.103149414062 166.473022460938
95 1765.121337890625 168.932373046875
96 1766.449096679688 170.462646484375
97 1769.067626953125 170.000732421875
98 1770.797119140625 169.696655273438
99 1771.282104492188 169.045532226562
100 1771.275512695312 168.756347656250
101 1770.787475585938 169.024902343750
102 1770.521362304688 170.046630859375
103 1770.463378906250 171.158935546875
104 1771.046630859375 172.375854492188
105 1771.809570312500 173.416137695312
106 1772.719238281250 173.749023437500
107 1773.552246093750 173.465820312500
108 1773.465209960938 172.777343750000
109 1772.293090820312 172.759155273438
110 1770.803955078125 173.297607421875
111 1770.376464843750 173.786865234375
112 1770.859008789062 174.770996093750
113 1771.900634765625 176.409423828125
114 1771.983764648438 178.434326171875
115 1770.955322265625 179.959716796875
116 1769.457763671875 180.572998046875
117 1769.445678710938 181.525878906250
118 1770.017578125000 182.318359375000
119 1771.653198242188 183.300292968750
120 1773.646240234375 183.551513671875
121 1775.395141601562 183.598999023438
122 1775.973510742188 183.571411132812
123 1776.137817382812 183.359497070312
124 1776.283203125000 183.725341796875
125 1776.407226562500 184.022338867188
126 1776.592041015625 184.322143554688
127 1776.706665039062 184.558837890625
128 1776.597778320312 184.805053710938
129 1776.460937500000 185.026733398438
130 1776.510986328125 185.205078125000
131 1776.697265625000 185.124389648438
132 1776.523803710938 184.834350585938
133 1775.947998046875 184.413330078125
134 1776.064697265625 184.765625000000
135 1776.603027343750 185.306518554688
136 1777.538452148438 185.514770507812
137 1778.099243164062 185.528564453125
138 1778.588867187500 185.348999023438
139 1779.043334960938 185.108398437500
140 1780.235107421875 184.833862304688
141 1781.731933593750 184.350585937500
142 1783.314697265625 184.112060546875
143 1784.695068359375 183.861206054688
144 1785.519165039062 183.745361328125
145 1785.527221679688 183.736206054688
146 1785.524536132812 183.649658203125
147 1786.247680664062 183.609985351562
148 1787.549438476562 182.987060546875
149 1789.560791015625 182.734252929688
150 1791.524414062500 182.011108398438
151 1793.381347656250 181.030151367188
152 1795.014892578125 180.731811523438
153 1796.250854492188 180.764648437500
154 1797.475097656250 181.264404296875
155 1799.034179687500 181.735717773438
156 1800.907714843750 182.151123046875
157 1802.626708984375 181.994628906250
158 1803.406127929688 181.661499023438
159 1804.090332031250 181.508300781250
160 1805.516113281250 180.298461914062
ref069
0
160
1 1587.000000000000 902.000000000000
2 1587.429931640625 901.708557128906
3 1587.480468750000 900.568237304688
4 1587.726074218750 899.361450195312
5 1587.948120117188 897.313659667969
6 1588.317260742188 895.441101074219
7 1588.596435546875 893.323974609375
8 1588.677368164062 891.019165039062
9 1588.410034179688 888.235961914062
10 1587.809936523438 885.535278320312
11 1586.882446289062 882.513488769531
12 1585.859619140625 880.195861816406
13 1584.678466796875 878.420898437500
14 1583.348999023438 877.164733886719
15 1581.904785156250 877.088134765625
16 1580.479980468750 878.148681640625
17 1578.958251953125 879.580932617188
18 1577.289672851562 881.483276367188
19 1575.037109375000 883.107055664062
20 1572.451904296875 884.950622558594
21 1569.631103515625 886.502807617188
22 1566.735839843750 888.283935546875
23 1563.766235351562 889.817749023438
24 1560.626708984375 892.255981445312
25 1557.308105468750 895.376586914062
26 1554.129028320312 899.641784667969
27 1550.757446289062 903.649719238281
28 1547.593505859375 908.344116210938
29 1544.360473632812 913.202148437500
30 1541.310913085938 918.601623535156
31 1538.018798828125 923.399780273438
32 1534.855957031250 927.730895996094
33 1531.849243164062 930.992401123047
34 1529.189819335938 932.888854980469
35 1527.165771484375 933.550750732422
36 1526.051757812500 933.871307373047
37 1525.876342773438 933.693115234375
38 1526.614013671875 933.062408447266
39 1528.066162109375 931.173553466797
40 1529.933227539062 928.308532714844
41 1532.221069335938 924.414916992188
42 1534.726196289062 919.104614257812
43 1537.389892578125 911.685729980469
44 1539.999023437500 902.719421386719
45 1542.144409179688 892.067993164062
46 1543.740234375000 880.866271972656
47 1544.935791015625 870.070617675781
48 1546.339965820312 861.818359375000
49 1548.556762695312 854.621643066406
50 1551.107666015625 848.116577148438
51 1553.238037109375 841.719055175781
52 1554.702270507812 836.511108398438
53 1555.751586914062 832.291137695312
54 1556.157226562500 829.154846191406
55 1555.289672851562 826.579650878906
56 1553.758300781250 825.025146484375
57 1552.005493164062 824.674987792969
58 1550.521240234375 827.048339843750
59 1549.216308593750 831.184020996094
60 1548.307373046875 837.237304687500
61 1547.729003906250 843.646057128906
62 1547.478637695312 850.455993652344
63 1547.202636718750 856.710937500000
64 1546.975219726562 862.239929199219
65 1546.977783203125 866.652893066406
66 1547.468627929688 870.736450195312
67 1548.264648437500 874.205810546875
68 1549.540405273438 877.638183593750
69 1550.877929687500 880.488952636719
70 1552.420043945312 883.371704101562
71 1553.798828125000 885.842041015625
72 1555.276855468750 888.494201660156
73 1556.574951171875 891.624572753906
74 1557.711791992188 895.160156250000
75 1558.458740234375 898.242492675781
76 1559.102294921875 901.156616210938
77 1559.426757812500 903.274963378906
78 1559.561157226562 904.897888183594
79 1559.351806640625 905.233459472656
80 1559.269165039062 904.629028320312
81 1559.161132812500 902.591918945312
82 1559.422851562500 900.053283691406
83 1559.876464843750 896.398010253906
84 1560.666870117188 892.060302734375
85 1561.578002929688 885.653686523438
86 1562.846069335938 877.854614257812
87 1564.456787109375 868.142822265625
88 1566.543457031250 857.979797363281
89 1569.036376953125 848.333618164062
90 1571.541015625000 840.908203125000
91 1574.190673828125 836.141296386719
92 1577.106079101562 833.891113281250
93 1579.908935546875 832.923828125000
94 1582.520019531250 832.768737792969
95 1584.525146484375 832.451782226562
96 1585.312988281250 831.553588867188
97 1585.026123046875 830.140197753906
98 1583.632446289062 828.182922363281
99 1581.972045898438 826.192565917969
100 1580.441406250000 824.893554687500
101 1579.080078125000 823.625244140625
102 1578.369873046875 823.483581542969
103 1578.135253906250 823.909912109375
104 1578.413818359375 825.331909179688
105 1578.708618164062 826.325805664062
106 1579.028442382812 827.099487304688
107 1579.304931640625 827.078063964844
108 1579.643920898438 826.498107910156
109 1580.154174804688 825.273315429688
110 1580.799316406250 823.689819335938
111 1581.574951171875 822.050659179688
112 1582.374877929688 821.284729003906
113 1582.950561523438 821.062561035156
114 1583.129394531250 821.621215820312
115 1582.977294921875 822.646301269531
116 1582.692504882812 824.625854492188
117 1582.256347656250 826.619628906250
118 1581.963134765625 829.161376953125
119 1581.616455078125 831.376647949219
120 1581.151855468750 833.146118164062
121 1580.732299804688 834.915893554688
122 1580.366821289062 836.431335449219
123 1579.846679687500 837.259216308594
124 1579.289672851562 837.688720703125
125 1578.606201171875 837.134887695312
126 1577.876708984375 836.653259277344
127 1577.298339843750 836.679443359375
128 1576.661865234375 837.016784667969
129 1575.873413085938 837.280822753906
130 1575.088012695312 838.488708496094
131 1574.114624023438 840.077575683594
132 1573.507446289062 843.094665527344
133 1573.044311523438 846.429626464844
134 1572.739624023438 849.483581542969
135 1572.419311523438 851.914611816406
136 1572.232543945312 854.256591796875
137 1572.204589843750 856.200134277344
138 1572.203491210938 857.439270019531
139 1572.199707031250 857.957946777344
140 1572.355957031250 858.187744140625
141 1572.421386718750 857.683349609375
142 1572.939453125000 858.084960937500
143 1573.590942382812 858.402770996094
144 1574.633422851562 859.387878417969
145 1575.912231445312 860.408264160156
146 1577.594238281250 862.161376953125
147 1579.151245117188 863.819702148438
148 1580.582397460938 865.758972167969
149 1581.686035156250 867.429931640625
150 1582.567993164062 869.175231933594
151 1583.049438476562 870.676635742188
152 1583.404174804688 872.216552734375
153 1583.411254882812 873.259521484375
154 1583.253540039062 874.387084960938
155 1582.963745117188 875.596496582031
156 1582.668823242188 876.916564941406
157 1582.374633789062 878.399536132812
158 1582.376098632812 879.598327636719
159 1582.382324218750 879.919128417969
160 1582.349365234375 880.260009765625
